0.00  3.00   nan nan nan nan nan nan nan nan nan nan nan nan 
3.00  6.00   nan nan nan nan nan nan nan nan nan nan nan nan 
6.00  9.00   nan nan nan nan nan nan nan nan nan nan nan nan 
9.00  12.00   nan nan nan nan nan nan nan nan nan nan nan nan 
12.00  15.00   nan nan nan nan nan nan nan nan nan nan nan nan 
15.00  18.00   nan nan nan nan nan nan nan nan nan nan nan nan 
18.00  21.00   nan nan nan nan nan nan nan nan nan nan nan nan 
21.00  24.00   nan nan nan nan nan nan nan nan nan nan nan nan 
24.00  27.00   nan nan nan nan nan nan nan nan nan nan nan nan 
27.00  30.00   nan nan nan nan nan -4.55999755859375 -1.4599990844726563 nan nan -1.9599990844726563 nan -3.660003662109375 
30.00  33.00   -3.55999755859375 nan -3.660003662109375 nan -2.8600006103515625 nan -3.759998321533203 nan -1.6599998474121094 -2.3600006103515625 -2.9599990844726563 -2.1599998474121094 
33.00  36.00   -3.660003662109375 -4.260002136230469 nan -2.3600006103515625 -3.5600013732910156 -3.8599987030029297 -1.7599983215332031 -3.3599987030029297 -1.5600013732910156 -1.4599990844726563 -3.55999755859375 -2.6599960327148438 
36.00  39.00   -3.0933316548665366 -3.526666005452474 -2.8100013732910156 -3.193333943684896 -4.260002136230469 nan -3.284998893737793 -2.509998321533203 -2.259998321533203 -1.9850006103515625 -2.826666514078776 -2.8600006103515625 
39.00  42.00   nan -1.5600013732910156 -3.193335215250651 -1.2599983215332031 -3.426666259765625 -2.8600006103515625 nan -1.8100013732910156 -1.210000991821289 -2.5600013732910156 -1.6599998474121094 -2.760000228881836 
42.00  45.00   -2.4600003560384116 -3.0599988301595054 -2.9599990844726563 -2.0100021362304688 -1.7600021362304688 -1.6933352152506511 -2.560000419616699 -3.2600021362304688 -2.2933336893717446 -3.826666514078776 -3.559999465942383 -3.3599987030029297 
45.00  48.00   -3.460002899169922 -2.460000991821289 -2.3350000381469727 -3.034998893737793 -2.2599995930989585 -2.259998321533203 -1.4599990844726563 -3.093334197998047 -3.760000228881836 nan -1.7600008646647136 -3.026667277018229 
48.00  51.00   -3.035001754760742 -1.7599983215332031 -2.8100013732910156 -2.726665496826172 -2.2600008646647134 -3.210000991821289 -1.4599990844726563 -2.3600006103515625 -2.226668039957682 -3.0933329264322915 -2.6599960327148438 -3.80999755859375 
51.00  54.00   -1.2933349609375 -3.1599998474121094 -2.7266693115234375 -5.3600006103515625 -2.2933336893717446 -2.760000228881836 -1.7599995930989583 -2.693333943684896 -2.6099987030029297 -3.193333943684896 -3.1599998474121094 -2.226668039957682 
54.00  57.00   -3.9099998474121094 -2.2099990844726563 -2.210000991821289 -2.860001881917318 -2.4266675313313804 -2.2600008646647134 -2.309999465942383 -3.026666005452474 -2.5099992752075195 -2.960000991821289 -2.1600011189778647 -2.2099990844726563 
57.00  60.00   -2.6100006103515625 -2.693333943684896 -2.359999338785807 -2.6933326721191406 -3.010000228881836 -2.2600011825561523 -2.526667277018229 -2.1933326721191406 -1.710000991821289 -2.040000152587891 -3.026667277018229 -2.685000419616699 
60.00  63.00   -2.3933334350585938 -1.9933331807454426 -3.309999465942383 -2.8933321634928384 -2.6266657511393228 -2.8850011825561523 -2.9099998474121094 -2.434999465942383 -1.9600028991699219 -2.1599998474121094 -2.480000305175781 -2.185002326965332 
63.00  66.00   -1.6100006103515625 -3.759998321533203 -2.659998893737793 -1.8099985122680664 -2.7266667683919272 -3.460002899169922 -2.910001754760742 -3.010000228881836 -2.460000991821289 -2.9600006103515626 -2.8600006103515625 -2.8933334350585938 
66.00  69.00   -2.4849987030029297 -2.1100025177001953 -2.7933336893717446 -3.1933326721191406 -2.6400001525878904 -3.559999465942383 -3.034998893737793 -2.526666005452474 -2.810002326965332 -2.05999755859375 -2.1800003051757813 -2.593334197998047 
0.00  3.00   nan nan nan nan nan nan nan nan nan nan nan nan 
3.00  6.00   nan nan nan nan nan nan nan nan nan nan nan nan 
6.00  9.00   nan nan nan nan nan nan nan nan nan nan nan nan 
9.00  12.00   nan nan nan nan nan nan nan nan nan nan nan nan 
12.00  15.00   3.259998321533203 nan nan nan nan nan nan nan nan nan nan nan 
15.00  18.00   nan nan nan nan nan 0.8600006103515625 -2.2399978637695313 nan nan nan nan nan 
18.00  21.00   0.3099994659423828 nan nan nan nan nan nan nan nan nan nan nan 
21.00  24.00   3.3600006103515625 nan 2.5600013732910156 nan nan nan nan nan nan nan 6.260002136230469 nan 
24.00  27.00   nan nan 1.1100025177001953 0.46000099182128906 nan 3.4933344523111978 0.4600028991699219 1.6599998474121094 4.660003662109375 nan nan 3.3600006103515625 
27.00  30.00   6.060001373291016 1.7099990844726563 0.46000035603841144 4.460002899169922 -1.739999771118164 1.8600006103515625 1.460000991821289 -0.28999900817871094 4.460000991821289 nan 8.460001627604166 0.7599983215332031 
30.00  33.00   5.3600006103515625 nan nan -0.6066665649414063 -1.8399982452392578 2.5600013732910156 nan 7.160003662109375 nan 7.185001373291016 8.860000610351563 nan 
33.00  36.00   2.559999465942383 2.135000228881836 -2.789999008178711 -1.6399993896484375 -4.840000152587891 1.8600006103515625 -0.04000091552734375 -0.04000091552734375 4.460002899169922 7.393332163492839 4.3600006103515625 1.960000991821289 
36.00  39.00   1.3600006103515625 0.7600002288818359 -0.7399997711181641 0.660003662109375 -1.0400009155273438 -0.09000015258789063 -1.0399983723958333 2.7600021362304688 -0.23999786376953125 4.760002136230469 4.210000038146973 1.8600006103515625 
39.00  42.00   3.5600013732910156 2.1099987030029297 -4.6399993896484375 -3.3599998474121096 -2.0399996439615884 -0.9066645304361979 -1.4399986267089844 0.15999857584635416 1.5266672770182292 2.710000991821289 3.6599998474121094 3.9599990844726563 
42.00  45.00   -1.3399982452392578 -1.073333740234375 -1.1399993896484375 -3.039999008178711 -2.8400001525878906 -0.7399997711181641 -0.6399993896484375 -2.5733311971028647 0.09333546956380208 2.2933349609375 3.160000801086426 2.1599998474121094 
45.00  48.00   2.760000228881836 3.710000991821289 -3.5733324686686196 -3.2399978637695313 -4.139997482299805 -0.4399986267089844 -1.7649993896484375 -4.189998626708984 1.9099998474121094 -0.9399948120117188 1.7600021362304688 nan 
48.00  51.00   2.2933324178059897 2.6100006103515625 -4.339998245239258 -3.989999771118164 -2.339998245239258 0.26000137329101564 -3.7399978637695313 -3.1899986267089844 -1.273333231608073 1.1600017547607422 1.0600013732910156 0.7350006103515625 
51.00  54.00   1.5600001017252605 -0.30666478474934894 -3.3400001525878906 -3.739998626708984 -4.339996337890625 2.8600006103515625 -1.6066652933756511 -5.273329416910808 2.6599998474121094 -0.10666656494140625 0.5850009918212891 3.010000228881836 
54.00  57.00   2.3600006103515625 1.9850006103515625 -5.073331197102864 -5.339999198913574 -5.239999771118164 -0.039997100830078125 -3.1066665649414063 -6.439999898274739 -2.4733314514160156 -0.18999862670898438 0.20999908447265625 0.32666905721028644 
57.00  60.00   3.2399993896484376 1.4800018310546874 -3.914999008178711 -4.6399993896484375 -3.8399988810221353 1.7800018310546875 -1.239999771118164 -7.773333231608073 -2.589998245239258 -1.764998435974121 1.7000007629394531 -0.039999961853027344 
60.00  63.00   2.460000991821289 1.1599998474121094 -3.539999008178711 -5.739997863769531 -3.799999237060547 nan -0.8649997711181641 -6.689998626708984 -2.089998245239258 -1.9399998982747395 0.3600018819173177 -0.16499900817871094 
63.00  66.00   2.3266690572102866 0.6599998474121094 -3.0399993896484374 -5.239999135335286 -4.7649993896484375 0.9000015258789063 -0.2999992370605469 -5.489999771118164 -2.2066650390625 -1.3399976094563801 0.060001373291015625 -2.473332722981771 
66.00  69.00   3.2933336893717446 1.2850017547607422 -3.0066655476888022 -4.339996337890625 -1.9149980545043945 -0.06499862670898438 -1.2899980545043945 -5.689996719360352 -3.1733322143554688 -1.2399988174438477 -0.15999908447265626 -2.489999771118164 
0.00  3.00   nan nan nan nan nan nan nan nan nan nan nan nan 
3.00  6.00   nan nan nan nan nan nan nan nan nan nan nan nan 
6.00  9.00   nan nan nan nan nan nan nan nan nan nan nan nan 
9.00  12.00   nan nan nan nan nan nan nan nan nan nan nan nan 
12.00  15.00   nan nan nan nan nan nan -3.6599984169006348 nan nan nan nan nan 
15.00  18.00   2.140000820159912 nan 0.1400008201599121 nan -4.459997653961182 0.34000158309936523 nan nan nan nan nan 3.239999294281006 
18.00  21.00   2.4400038719177246 -0.45999765396118164 -2.260000705718994 -5.559999942779541 nan 1.140000820159912 nan nan nan nan 7.739999294281006 nan 
21.00  24.00   nan 2.2400031089782715 nan -2.7599968910217285 nan nan -0.8599991798400879 2.640000820159912 nan nan 3.239999294281006 0.440000057220459 
24.00  27.00   3.3399977684020996 nan -2.309999942779541 -3.9599976539611816 nan 2.006666978200277 nan 4.940003871917725 7.739999294281006 0.23999929428100586 5.490001201629639 nan 
27.00  30.00   1.4400038719177246 -0.6266668637593588 nan -5.109999179840088 -2.4100003242492676 1.7399992942810059 0.440000057220459 2.2733346621195474 4.7400031089782715 nan 5.140000820159912 1.2400012016296387 
30.00  33.00   3.140000820159912 -0.5099987983703613 -3.7266653378804526 -3.9599976539611816 -3.859999179840088 2.206669012705485 0.806668758392334 1.0900015830993652 0.9900012016296387 0.09000158309936523 5.590001583099365 -1.0099968910217285 
33.00  36.00   2.7900004386901855 -3.4599976539611816 -2.4600014686584473 -2.7599968910217285 nan 2.489999294281006 -1.0599961280822754 0.3399996757507324 nan -0.8599953651428223 1.2400031089782715 2.9900012016296387 
36.00  39.00   nan 2.2400012016296387 -5.010000705718994 -5.009998798370361 -3.9099984169006348 0.9400019645690918 0.34000158309936523 -1.2933335304260254 -1.609997272491455 3.3399977684020996 6.739999294281006 0.9899992942810059 
39.00  42.00   4.8399977684021 -1.4599976539611816 -3.993333021799723 -4.259999434153239 -2.79333225886027 -0.7099995613098145 -1.7600007057189941 -2.1266655921936035 -5.2599968910217285 0.6066692670186361 5.006668249766032 0.8733356793721517 
42.00  45.00   0.5066682497660319 -1.309999942779541 -4.759998798370361 -5.360001087188721 -0.3599991798400879 -1.8266650835673015 -0.4266648292541504 -2.109999179840088 -2.759998162587484 2.190001964569092 2.940000057220459 -0.5933327674865723 
45.00  48.00   -0.9599976539611816 -2.559999942779541 -5.4599995613098145 nan -0.9933330217997233 -0.809999942779541 0.0733338991800944 -1.5599980354309082 -3.859999179840088 1.0400004386901855 1.8400015830993652 -0.26000070571899414 
48.00  51.00   -1.3599982261657715 -2.6099953651428223 -5.960001468658447 -4.4266635576883955 -2.510000705718994 -0.8599991798400879 -0.7099995613098145 -3.2599968910217285 -1.359999179840088 0.8066674868265787 1.5400023460388184 -2.5266658465067544 
51.00  54.00   -3.5599961280822754 -1.384997844696045 -4.784998416900635 -4.159994602203369 -0.10999727249145508 -0.593331495920817 -2.6599984169006348 -2.760000705718994 -3.4100003242492676 2.1150002479553223 -0.10999727249145508 -2.9100003242492676 
54.00  57.00   -2.5999985694885255 -1.293330987294515 -4.459997653961182 -4.309999942779541 -0.45999892552693683 -1.9599995613098145 -0.6849980354309082 -1.7600007057189941 -0.7599981625874838 1.1900010108947754 -0.9599976539611816 -3.7849984169006348 
57.00  60.00   -4.593332767486572 -0.9266648292541504 -4.259999434153239 -3.309999942779541 2.690000057220459 -1.0599961280822754 -2.7849984169006348 -2.534996509552002 -4.985000133514404 0.1400008201599121 0.40666723251342773 nan 
60.00  63.00   -2.7850003242492676 -0.33499860763549805 -4.185000896453857 -1.0349984169006348 1.2400012016296387 -0.2933348019917806 -0.8849978446960449 -3.5266671180725098 -7.359997272491455 0.34000031153361004 0.7900004386901855 -4.326665083567302 
63.00  66.00   -3.6599984169006348 -1.1266655921936035 -2.1600022315979004 -4.459997653961182 2.015000820159912 -0.11999979019165039 -2.1100001335144043 -3.8349995613098145 -4.659998416900635 0.5066682497660319 1.1900019645690918 -2.759998162587484 
66.00  69.00   -3.0599973996480307 -1.2599968910217285 -4.499998569488525 -2.7099976539611816 2.606667995452881 -0.1600022315979004 -1.7099976539611816 -5.2099995613098145 -7.459997653961182 -1.9266661008199055 2.540001392364502 -1.6399994850158692 
0.00  3.00   nan nan nan nan nan nan nan nan nan nan nan nan 
3.00  6.00   nan nan nan nan nan nan nan nan nan nan nan nan 
6.00  9.00   nan nan nan nan nan nan nan nan nan nan nan nan 
9.00  12.00   nan nan nan nan nan nan nan nan nan nan nan nan 
12.00  15.00   nan nan nan nan nan nan nan nan nan nan nan nan 
15.00  18.00   -0.7800016403198242 nan nan 1.4200029373168945 nan nan 2.0200014114379883 nan nan nan 4.8199968338012695 nan 
18.00  21.00   nan nan nan nan nan 5.419999122619629 -2.380000114440918 2.919999122619629 0.019997596740722656 nan 8.120000839233398 nan 
21.00  24.00   1.2200021743774414 nan 2.419999122619629 -0.44666576385498047 nan 5.219998359680176 -4.580000877380371 nan -0.38000011444091797 nan 2.969998359680176 nan 
24.00  27.00   nan -1.0799970626831055 0.21999835968017578 -3.380000114440918 -3.5299997329711914 nan -0.38000011444091797 nan nan nan 5.719998359680176 nan 
27.00  30.00   4.386665026346843 0.9199991226196289 -0.8300008773803711 0.7199983596801758 -5.979998588562012 3.5699987411499023 -2.080000877380371 0.019997596740722656 0.36999988555908203 0.019997596740722656 0.2866690953572591 0.4199991226196289 
30.00  33.00   3.5200014114379883 -1.0799989700317383 nan -5.330000877380371 nan 2.869997978210449 0.32000064849853516 nan 0.08666833241780598 0.619999885559082 0.5200014114379883 -1.8466660181681316 
33.00  36.00   2.7200002670288086 4.520001411437988 -2.830000877380371 -4.479998588562012 -3.3799988428751626 0.36999988555908203 -2.1800012588500977 -2.5299978256225586 -0.18000316619873047 -1.830000877380371 -2.330000877380371 nan 
36.00  39.00   0.8200006484985352 -1.880001386006673 -4.380000114440918 -4.113333702087402 nan -0.7299985885620117 -1.2799978256225586 1.3200006484985352 -1.1799993515014648 -0.18000062306722006 -1.4799985885620117 1.3200006484985352 
39.00  42.00   -1.0299978256225586 -3.280001640319824 -2.5799989700317383 -5.279999732971191 -1.9799985885620117 -1.380000114440918 -4.529999732971191 -3.7799997329711914 -6.479998588562012 -1.579999605814616 -2.9300003051757813 -0.03000164031982422 
42.00  45.00   0.8199968338012695 0.12000179290771484 -2.7799978256225586 -4.905000686645508 -3.2300004959106445 -2.3466660181681314 nan -1.880000114440918 -1.2799978256225586 -3.280001640319824 -2.5299997329711914 -1.1049985885620117 
45.00  48.00   -2.5799970626831055 -0.07999897003173828 -3.313331921895345 -1.6799955368041992 -4.279999732971191 -3.81333065032959 -5.613333702087402 nan -1.5799989700317383 -2.7999990463256834 -5.130000114440918 -3.380000114440918 
48.00  51.00   -1.0299997329711914 -2.280001640319824 -1.3799962997436523 -4.013333956400554 -3.380000114440918 -2.1466665267944336 -4.946664492289226 -1.813331921895345 -0.5133326848347982 nan -3.113331158955892 -4.380000114440918 
51.00  54.00   -1.880000114440918 -2.2300004959106445 -3.8200002670288087 -6.280001640319824 -5.330000877380371 0.619999885559082 -5.879998207092285 -2.380000114440918 0.619999885559082 -2.179999351501465 -4.780000368754069 -4.980002403259277 
54.00  57.00   -2.9800004959106445 -3.0133326848347983 -3.7300004959106445 -6.079998970031738 -5.354998588562012 -1.9800011316935222 -5.846664746602376 -0.780000368754069 -1.7466662724812825 -1.780000368754069 -4.854999542236328 -5.229996681213379 
57.00  60.00   -2.4799985885620117 -5.029999732971191 -3.5466655095418296 -5.279998779296875 -4.779997825622559 -2.680000114440918 -3.7299976348876953 -3.046664237976074 0.4700002670288086 -2.7299985885620117 -6.0799970626831055 -6.804999351501465 
60.00  63.00   -3.6399999618530274 -4.654999732971191 -4.280000686645508 -6.304998397827148 -4.713332176208496 -2.6800031661987305 -4.4800004959106445 -2.330000877380371 -2.313331921895345 -1.359998893737793 -5.846664746602376 -8.880000114440918 
63.00  66.00   -1.7133334477742512 -2.2466650009155273 -4.0799970626831055 -3.113332430521647 -4.979998588562012 -2.3999990463256835 -5.580000877380371 -3.3466660181681314 -3.5466667811075845 -3.880000114440918 -3.880000114440918 -5.9466657638549805 
66.00  69.00   -2.839999198913574 -2.929999351501465 -3.119997978210449 -5.904998779296875 -3.979999542236328 -2.1999990463256838 -4.846664746602376 -4.963333447774251 -2.313331921895345 -0.8400007247924804 -5.299999809265136 -6.2799990971883135 
0.00  3.00   nan nan nan nan nan nan nan nan nan nan nan nan 
3.00  6.00   nan nan nan nan nan nan nan nan nan nan nan nan 
6.00  9.00   nan nan nan nan nan nan nan nan nan nan nan nan 
9.00  12.00   nan nan nan nan nan nan nan nan nan nan nan nan 
12.00  15.00   nan nan nan nan nan nan nan nan 14.420003414154053 nan nan nan 
15.00  18.00   3.1200003623962402 -1.080000400543213 nan nan nan 1.919999599456787 nan nan nan nan nan nan 
18.00  21.00   nan nan -0.17999887466430664 -1.3799996376037598 nan nan nan nan 6.419999599456787 nan nan 3.3199973106384277 
21.00  24.00   0.9199957847595215 1.8199973106384277 nan nan nan 4.0200018882751465 nan nan nan 3.6200003623962402 3.470000743865967 nan 
24.00  27.00   nan 0.719998836517334 0.6200003623962402 3.3199973106384277 nan 3.1200003623962402 4.9199957847595215 nan 4.5699992179870605 -0.5800004005432129 nan -1.080000400543213 
27.00  30.00   2.5200018882751465 1.7699999809265137 -2.6799988746643066 2.969998836517334 -1.080000400543213 1.919999599456787 1.3700003623962402 0.6533319155375162 3.4199957847595215 -1.6800026893615723 1.719998836517334 0.5699992179870605 
30.00  33.00   2.0199999809265137 4.37000036239624 1.1200003623962402 1.5199968020121257 nan 1.9866652488708496 -1.1799988746643066 nan nan -2.280001163482666 -0.3300023078918457 -4.1800007820129395 
33.00  36.00   3.8199992179870605 2.119999090830485 1.0533347129821777 -2.2300000190734863 -1.9466678301493328 0.469998836517334 -1.580000400543213 2.3700003623962402 0.4199983278910319 -0.280001163482666 -1.7300000190734863 -3.6799988746643066 
36.00  39.00   -0.780001163482666 4.369998455047607 0.21999883651733398 0.5699973106384277 -2.3800015449523926 -1.780001163482666 -1.6800026893615723 2.0699973106384277 -0.730003833770752 -0.17999887466430664 -1.6800026893615723 -2.4800000190734863 
39.00  42.00   0.1699986457824707 1.919999599456787 -1.280001163482666 -1.6300005912780762 -0.280001163482666 -0.6799988746643066 0.8199973106384277 -1.4800019264221191 -1.9800019264221191 -0.48000192642211914 -2.6799988746643066 -4.030001163482666 
42.00  45.00   -1.780001163482666 2.0699992179870605 -1.030001163482666 -2.0800023078918457 -1.4550023078918457 -1.1466660499572754 -1.530001163482666 -4.680002689361572 -3.530003070831299 -0.8800021807352701 -4.480001926422119 -2.9133350054423013 
45.00  48.00   -2.1800007820129395 -1.6800026893615723 -1.74666961034139 -4.080002307891846 -2.3133352597554526 -1.3799996376037598 -1.8799996376037598 -0.3300004005432129 -2.5800042152404785 -0.905001163482666 -3.130002498626709 -2.3800034523010254 
48.00  51.00   -4.213334242502849 1.5199980735778809 -0.530001163482666 -2.2299981117248535 -2.4300007820129395 -3.2300000190734863 -1.8550009727478027 -1.2299981117248535 -2.6799988746643066 nan -1.9800019264221191 -2.4466652870178223 
51.00  54.00   -4.6800007820129395 -1.8800015449523926 -0.25499963760375977 -1.2300019264221191 -0.6800007820129395 -2.3799996376037598 -2.7400002479553223 -1.0133347511291504 -3.47999963760376 -1.359999942779541 -3.2133329709370932 -1.280001163482666 
54.00  57.00   -3.0799991289774575 -3.030001163482666 0.18666728337605795 1.4533336957295735 -3.280001163482666 -4.613333225250244 0.6199984550476074 1.5199980735778809 -1.080000400543213 -1.6133332252502441 -1.1050000190734863 -1.4800019264221191 
57.00  60.00   -3.680001417795817 -1.0133334795633953 nan 0.019999980926513672 -2.846665541330973 -3.013333479563395 -1.5466675758361816 -0.7300009727478027 -2.4300007820129395 -0.7400002479553223 -1.7300009727478027 -1.5466675758361816 
60.00  63.00   -3.779999256134033 -0.2799986203511556 -1.4133337338765461 0.3999983787536621 -1.6299996376037598 -1.830000400543213 -3.113331953684489 -2.38000218073527 -6.030003070831299 -0.8799996376037598 -2.080000400543213 -3.230001926422119 
63.00  66.00   -1.3799996376037598 -2.5800016721089682 -1.0299992561340332 -1.9300007820129395 -1.8600022315979003 -5.580000400543213 -2.455000400543213 -3.4600007057189943 -1.780001163482666 -0.10500288009643555 -0.38000090916951496 -0.8550000190734863 
66.00  69.00   -1.6800003051757813 1.1699986457824707 -2.060000705718994 -1.6299996376037598 -1.0049986839294434 -3.5800016721089682 -1.180001163482666 -2.4300026893615723 -1.7549996376037598 -2.3300023078918457 -1.2800002098083496 -1.3300013542175293 
0.00  3.00   nan nan nan nan nan nan nan nan nan nan nan nan 
3.00  6.00   nan nan nan nan nan nan nan nan nan nan nan nan 
6.00  9.00   nan nan nan nan nan nan nan nan nan nan nan nan 
9.00  12.00   nan nan nan nan nan nan nan nan nan nan nan nan 
12.00  15.00   nan nan nan nan nan nan nan nan nan nan nan nan 
15.00  18.00   -1.220001220703125 nan nan nan nan 0.9799995422363281 nan nan nan nan nan 9.680004119873047 
18.00  21.00   2.7800025939941406 nan nan 2.5800018310546875 nan nan nan nan -2.1200027465820313 nan 6.279998779296875 nan 
21.00  24.00   0.6800003051757813 -4.420001983642578 nan 2.479999542236328 nan nan 1.8299999237060547 2.579998016357422 -3.4199981689453125 nan 2.1300010681152344 2.079998016357422 
24.00  27.00   -0.4200019836425781 nan 3.4133338928222656 nan nan nan nan nan 1.1799964904785156 nan 4.779998779296875 nan 
27.00  30.00   -1.4200019836425781 0.6800003051757813 nan 1.1466662089029949 nan 3.6133321126302085 0.279998779296875 0.779998779296875 -1.720001220703125 -0.3533337910970052 1.7800025939941406 -1.0200004577636719 
30.00  33.00   3.979999542236328 0.9799995422363281 1.1799983978271484 2.3799972534179688 -2.270000457763672 1.9300003051757813 2.779998779296875 0.9799995422363281 -1.0200004577636719 nan 0.4799995422363281 -1.0200004577636719 
33.00  36.00   -0.7199986775716146 1.1799964904785156 2.1466662089029946 2.0799999237060547 -2.520000457763672 3.5133323669433594 2.446666717529297 -0.32000160217285156 -1.5200004577636719 -1.2866668701171875 1.0799980163574219 -2.020000457763672 
36.00  39.00   -2.4199981689453125 1.5800018310546875 -0.6199989318847656 2.3800010681152344 0.17999649047851563 3.279998779296875 1.1799964904785156 -1.5950002670288086 0.14666620890299478 -0.8199996948242188 0.6133346557617188 -1.0700016021728516 
39.00  42.00   -1.3866678873697917 0.8799991607666016 -0.15333175659179688 -1.3199958801269531 -0.9533335367838541 -0.31999842325846356 0.5799999237060547 -2.286665598551432 -2.720001220703125 -3.020000457763672 -0.5699996948242188 0.8133341471354166 
42.00  45.00   -2.7533340454101563 0.8299999237060547 -1.5699996948242188 -0.12000083923339844 -0.220001220703125 0.8299980163574219 2.1300010681152344 -4.719997406005859 -5.770000457763672 -1.3949995040893555 -0.9533348083496094 0.37999725341796875 
45.00  48.00   -2.270000457763672 0.6800003051757813 -1.5699996948242188 nan -2.119997978210449 1.5300006866455078 -0.120001220703125 -3.770000457763672 -2.020000457763672 -1.8199996948242188 -1.720001220703125 0.18000030517578125 
48.00  51.00   -1.4200000762939453 -1.0199991861979167 -2.1533330281575522 -3.0866673787434897 -4.569999694824219 1.9133326212565105 -1.5200004577636719 -4.4199981689453125 -1.7533327738444011 -1.2533315022786458 -0.18666712443033853 0.9799995422363281 
51.00  54.00   -2.520000457763672 -0.8199996948242188 -1.9200019836425781 -3.2533340454101563 -2.2199974060058594 0.3549976348876953 -2.270000457763672 -5.170000076293945 -1.8866666158040364 -2.0866673787434897 -0.6866683959960938 0.1300029754638672 
54.00  57.00   -3.4200000762939453 -2.5199991861979165 -1.0450010299682617 -3.6949996948242188 -5.919999440511067 -1.1199989318847656 0.04666773478190104 -5.319999694824219 -3.786668141682943 -0.4200019836425781 -0.7199993133544922 0.679999033610026 
57.00  60.00   -2.35333251953125 -1.6199989318847656 -3.2699995040893555 -3.5699996948242188 -4.469999313354492 -0.04500007629394531 -5.720001220703125 -7.019999186197917 -2.494999885559082 -3.3700008392333984 -2.795001983642578 1.0049991607666016 
60.00  63.00   -1.6950006484985352 -3.0533320109049478 -1.5866673787434895 -3.720001220703125 -2.6199989318847656 0.05499839782714844 -0.8800003051757812 -4.2699995040893555 -1.3199958801269531 -3.6700000762939453 -1.0200004577636719 -0.6199989318847656 
63.00  66.00   -3.720001220703125 -3.969999313354492 -2.770000457763672 -1.7533327738444011 -4.1399993896484375 -1.7950000762939453 0.8799991607666016 -4.845001220703125 -3.0 -1.7200005849202473 -1.0200004577636719 -1.4200010299682617 
66.00  69.00   -2.169999440511068 -5.319997787475586 -4.319999694824219 -1.4866689046223958 -4.544999122619629 -2.019999694824219 -0.3450021743774414 -3.0866673787434897 -3.0866661071777344 -1.2866668701171875 -1.2700004577636719 -1.5800003051757812 
0.00  3.00   nan nan nan nan nan nan nan nan nan nan nan nan 
3.00  6.00   nan nan nan nan nan nan nan nan nan nan nan nan 
6.00  9.00   nan nan nan nan nan nan nan nan nan nan nan nan 
9.00  12.00   nan nan nan nan nan nan nan nan nan nan nan nan 
12.00  15.00   nan nan nan nan nan nan nan nan 13.440000534057617 nan nan nan 
15.00  18.00   -0.46000099182128906 nan nan 3.1399974822998047 nan 1.739999771118164 nan nan nan nan 3.6400012969970703 9.139997482299805 
18.00  21.00   -2.3600025177001953 nan nan -1.460000991821289 nan nan nan nan 11.139997482299805 nan nan nan 
21.00  24.00   nan -1.8600025177001953 -0.7100009918212891 nan -5.760000228881836 nan 2.4399967193603516 nan nan nan nan nan 
24.00  27.00   nan nan -3.760000228881836 -3.260000228881836 -3.260000228881836 4.339998245239258 nan 4.440000534057617 2.6399974822998047 nan 5.606664657592773 -0.7600002288818359 
27.00  30.00   0.5399990081787109 -3.210000991821289 -2.260000228881836 -3.6599998474121094 nan 4.039999008178711 1.039999008178711 3.039999008178711 6.089998245239258 0.23999977111816406 2.739999771118164 1.2399978637695313 
30.00  33.00   nan -1.3099994659423828 -3.3100013732910156 -5.060003280639648 -3.260000228881836 0.5899991989135742 nan 3.0900001525878906 3.739999771118164 1.739999771118164 0.7399978637695313 nan 
33.00  36.00   1.439999262491862 -3.5600013732910156 -5.260002136230469 -3.309999465942383 -6.8600006103515625 -2.4599990844726563 2.539999008178711 3.989999771118164 nan 2.440000534057617 2.3400001525878906 -0.7599983215332031 
36.00  39.00   -0.15999794006347656 -1.460000991821289 -5.310001373291016 -6.35999870300293 -4.509998321533203 -1.8600012461344402 1.0899972915649414 5.940000534057617 3.5066649119059243 3.339998245239258 1.789999008178711 -0.6599998474121094 
39.00  42.00   -1.0600013732910156 -4.6100006103515625 -7.293334325154622 -6.660001754760742 -7.960000991821289 -4.526665369669597 -2.710000991821289 3.015000343322754 0.6900005340576172 2.6399974822998047 4.139997482299805 -0.6599998474121094 
42.00  45.00   -1.8850011825561523 -3.326667149861654 -7.35999870300293 -5.860002517700195 -8.910001754760742 -3.3599987030029297 -5.260000228881836 -0.06000073750813802 3.539999008178711 3.089998245239258 2.2399959564208984 -1.1599979400634766 
45.00  48.00   -2.3100013732910156 -6.726664861043294 -8.710002899169922 -8.510002136230469 -7.510000228881836 -4.10999870300293 -3.060000419616699 -0.4099998474121094 0.08999824523925781 4.27333386739095 0.5399990081787109 1.3400020599365234 
48.00  51.00   -5.126665115356445 -7.726667404174805 -7.060001373291016 -8.026666641235352 nan -6.460000991821289 -1.8600006103515625 -2.0850019454956055 2.214998245239258 1.5733318328857422 1.4733333587646484 -2.160001754760742 
51.00  54.00   -1.8600025177001953 -5.960000991821289 -8.309999465942383 -8.709999084472656 -7.893334070841472 -6.260000228881836 nan -4.660001754760742 0.5399990081787109 1.0399977366129558 2.1733315785725913 0.3399990081787109 
54.00  57.00   -6.260000228881836 -7.49333381652832 -7.010002136230469 -8.160003026326498 -7.659997940063477 -6.059999465942383 -2.3199993133544923 -3.260000228881836 -1.9099979400634766 0.3900012969970703 2.5400002797444663 1.7733338673909504 
57.00  60.00   -4.510000228881836 -9.309999465942383 -8.210000991821289 -7.110002517700195 -6.86000124613444 -5.060000737508138 -0.9099998474121094 -3.460000991821289 -0.9100017547607422 0.08999919891357422 -0.46000099182128906 0.8899993896484375 
60.00  63.00   -8.460000991821289 -6.8600006103515625 -7.060001373291016 -8.020000839233399 -6.35999870300293 -5.760001500447591 -3.6349992752075195 -4.360002517700195 -1.3599999745686848 -0.7933330535888672 -0.16000048319498697 0.9399995803833008 
63.00  66.00   -4.6599992116292315 -8.90999984741211 -5.659999847412109 -5.460000991821289 -7.85999870300293 -6.410001754760742 -1.1849994659423828 -4.317143304007394 -0.8350019454956055 -0.26000022888183594 -1.8600025177001953 1.314997673034668 
66.00  69.00   -6.234999656677246 -7.493335088094075 -4.479999923706055 -5.143334070841472 -5.726667404174805 -4.960000991821289 1.8400001525878906 -5.760000228881836 -3.8599987030029297 0.4733346303304036 -0.33500099182128906 -0.8266684214274088 
0.00  3.00   nan nan nan nan nan nan nan nan nan nan nan nan 
3.00  6.00   nan nan nan nan nan nan nan nan nan nan nan nan 
6.00  9.00   nan nan nan nan nan nan nan nan nan nan nan nan 
9.00  12.00   nan nan nan nan nan nan nan nan nan nan nan nan 
12.00  15.00   nan nan nan -0.839998722076416 nan nan nan nan nan nan nan nan 
15.00  18.00   -4.240000247955322 nan nan 2.0599989891052246 nan 1.160001277923584 nan nan nan nan nan 10.06000280380249 
18.00  21.00   -1.6400017738342285 nan nan nan nan 4.3599982261657715 nan nan nan nan 4.3599982261657715 nan 
21.00  24.00   -3.839998722076416 nan -0.4400010108947754 nan nan nan nan nan nan nan 1.1100001335144043 -1.839998722076416 
24.00  27.00   nan nan -3.339998722076416 1.509997844696045 -2.3400025367736816 2.8100008964538574 nan 4.460000514984131 1.4600005149841309 nan nan -0.9399971961975098 
27.00  30.00   3.910001277923584 -2.2400002479553223 nan -0.4400010108947754 nan 1.5600028038024902 1.4599992434183757 4.710000514984131 2.7599997520446777 0.10999822616577148 1.3600001335144043 -2.3899998664855957 
30.00  33.00   1.0099997520446777 2.226665655771891 -1.4399991035461426 2.160001277923584 -4.6400017738342285 3.0600008964538574 0.6099982261657715 2.2599997520446777 4.06000280380249 0.9099993705749512 -1.0900006294250488 -0.24000024795532227 
33.00  36.00   -1.9733338356018066 -0.4400010108947754 -1.4399991035461426 -0.28999948501586914 0.16000000635782877 1.5599989891052246 nan 2.8599982261657715 0.5600008964538574 0.8099989891052246 2.160001277923584 -2.006666660308838 
36.00  39.00   -2.1400017738342285 1.2599997520446777 -0.9399971961975098 -0.03999757766723633 -2.6399998664855957 -1.5399994850158691 2.9933320681254068 1.2100005149841309 1.3100008964538574 -0.5733335812886556 -1.3899998664855957 -1.339998722076416 
39.00  42.00   -3.240002155303955 3.460000514984131 nan -1.339998722076416 -2.039999485015869 0.20999860763549805 3.4599967002868652 1.4266664187113445 0.7100024223327637 -0.9400010108947754 0.16000000635782877 -2.939998467763265 
42.00  45.00   nan 2.5099997520446777 -4.040000756581624 0.46000051498413086 -1.2400002479553223 -0.07333230972290039 1.093333085378011 1.8099989891052246 -0.7400002479553223 0.026667435963948567 1.5600028038024902 -1.8066684405008953 
45.00  48.00   -0.6400017738342285 2.0599989891052246 -4.540001392364502 -0.37333281834920246 -2.9399991035461426 0.8099989891052246 0.560001532236735 -1.7400002479553223 2.009997844696045 -2.7400002479553223 -1.7400002479553223 -5.139997959136963 
48.00  51.00   -2.340000629425049 3.085000514984131 -3.090000629425049 -2.590000629425049 nan 1.5600028038024902 0.19333283106486002 -0.3066684405008952 -1.7400012016296387 1.360002040863037 -1.9066656430562336 -2.700000858306885 
51.00  54.00   -3.4900002479553223 4.160001277923584 -1.1400017738342285 -2.1400017738342285 -3.6799996376037596 0.7599987983703613 -1.1900010108947754 -1.9900002479553223 -1.640000820159912 -0.7400012016296387 -0.9899983406066895 -5.973332564036052 
54.00  57.00   -0.29000043869018555 1.7933351198832195 -2.139997959136963 -0.565000057220459 -0.24000024795532227 1.2599997520446777 -3.7400002479553223 -3.6733333269755044 -3.9733325640360513 -0.03999948501586914 -0.17333332697550455 -0.5399994850158691 
57.00  60.00   -0.80666716893514 0.06000026067097982 0.33500146865844727 -1.7400002479553223 -3.215000629425049 -2.4733338356018066 -3.3066658973693848 nan -3.8149991035461426 -1.089998722076416 -0.3899998664855957 -4.759999942779541 
60.00  63.00   -4.339998722076416 1.0266661643981934 -0.80666716893514 -2.7000000953674315 -2.0733335812886557 -3.80666716893514 -2.206667423248291 -4.140000502268474 -4.140000820159912 -2.090000629425049 -1.2899975776672363 -5.540001392364502 
63.00  66.00   -1.315000057220459 1.184999942779541 -0.10666640599568684 -2.6733333269755044 -1.089998722076416 -1.3733340899149578 -3.0066653887430825 -5.740000247955322 -5.499999332427978 -1.1066664059956868 -2.3900017738342285 -4.17333459854126 
66.00  69.00   -4.890000820159912 0.559999942779541 -0.4399991035461426 -3.4900002479553223 -2.273334344228109 -1.2233344713846843 -2.619998264312744 -4.0400004386901855 -3.9400010108947754 0.9266664187113444 -0.5400004386901855 -4.839998722076416 
0.00  3.00   nan nan nan nan nan nan nan nan nan nan nan nan 
3.00  6.00   nan nan nan nan nan nan nan nan nan nan nan nan 
6.00  9.00   nan nan nan nan nan nan nan nan nan nan nan nan 
9.00  12.00   nan nan nan nan nan nan nan nan nan nan nan nan 
12.00  15.00   nan nan nan nan nan nan nan nan 13.71999979019165 nan nan nan 
15.00  18.00   2.919996738433838 nan nan -0.08000326156616211 nan nan nan nan nan nan 2.119997501373291 nan 
18.00  21.00   2.119997501373291 nan nan 2.6200013160705566 nan 2.9199986457824707 nan nan 6.819998264312744 nan nan nan 
21.00  24.00   nan nan 0.01999521255493164 -2.3799986839294434 -6.580003261566162 3.2199997901916504 nan nan 1.1699986457824707 0.4699997901916504 5.619999408721924 nan 
24.00  27.00   3.119997501373291 nan -2.180001735687256 -2.630002498626709 nan nan 2.919996738433838 4.819998264312744 -0.9800009727478027 nan -1.9466694196065266 -2.5799994468688965 
27.00  30.00   2.0199990272521973 0.1699986457824707 -0.9800009727478027 -3.080003261566162 -2.4800047874450684 3.786665439605713 1.7199997901916504 4.019999027252197 nan -1.330003261566162 nan nan 
30.00  33.00   3.819998264312744 2.669996738433838 nan -1.1300005912780762 -2.9800009727478027 nan 5.120001316070557 0.21999597549438477 -1.3300013542175293 -4.28000020980835 nan -1.3300013542175293 
33.00  36.00   1.7199985186258953 2.869999408721924 0.38666391372680664 nan -2.9800009727478027 3.086665948232015 2.5199952125549316 0.12000131607055664 nan -2.7800002098083496 -5.146668910980225 nan 
36.00  39.00   4.120001316070557 0.26999711990356445 2.070000171661377 -3.6466689109802246 -3.8466684023539224 1.4699997901916504 1.3199982643127441 -0.6133348147074381 -4.605000972747803 -6.430003643035889 -4.480000972747803 -0.7300009727478027 
39.00  42.00   2.069998264312744 0.12000131607055664 -1.880002498626709 -6.380002498626709 -2.313335577646891 5.169998645782471 2.453329563140869 -4.980004787445068 -3.7800002098083496 -6.1050028800964355 -5.78000020980835 0.4199967384338379 
42.00  45.00   -0.8799986839294434 -0.2800021171569824 -2.6800036430358887 -5.246667385101318 -3.0799994468688965 1.4866649309794109 3.369997501373291 -0.5300021171569824 -5.780003070831299 -6.180001735687256 -5.380000591278076 0.18666442235310873 
45.00  48.00   2.4699978828430176 -0.03000020980834961 -1.5300021171569824 -3.0133350690205893 -1.380002498626709 3.419999281565348 -0.28000275293986004 -1.6466676394144695 nan -7.480000972747803 -0.43000173568725586 -0.0800019900004069 
48.00  51.00   0.6699986457824707 -2.2300009727478027 -1.3466684023539226 -3.2800002098083496 -3.130000591278076 2.069998264312744 -1.5799994468688965 -0.3299994468688965 -6.513335069020589 -7.629998683929443 -5.380000591278076 -0.6800017356872559 
51.00  54.00   1.4533333778381348 -0.10500097274780273 -3.2800002098083496 -3.1799991925557456 -4.429999828338623 1.8199982643127441 2.6700005531311035 0.39499711990356445 -6.546669165293376 -7.180001735687256 -2.2549996376037598 0.08666594823201497 
54.00  57.00   1.6533315976460774 nan -3.4800009727478027 -4.905002117156982 -3.60499906539917 0.3533310890197754 2.619995594024658 1.3199982643127441 nan -8.130002498626709 -1.4300017356872559 0.5199990272521973 
57.00  60.00   1.8866664568583171 -0.6800017356872559 -5.855000972747803 -7.280004024505615 -3.580000718434652 1.4699997901916504 2.819998264312744 -1.2466686566670735 -6.360001277923584 -7.760000514984131 -3.0466678937276206 1.5199990272521973 
60.00  63.00   3.4199986457824707 -2.9050002098083496 -8.230000972747803 -7.1133348147074384 -4.180001735687256 0.5699973106384277 1.7199997901916504 0.15999765396118165 -5.105000972747803 -6.430001735687256 0.09499883651733398 1.5533318519592285 
63.00  66.00   1.0199990272521973 -3.2133332888285318 -2.929999828338623 -7.980000972747803 -3.680000972747803 1.2866641680399578 2.719998836517334 2.4200005531311035 -8.020001125335693 -7.105001926422119 -1.9466668764750164 0.5199990272521973 
66.00  69.00   2.01999839146932 -4.346668402353923 -6.180002689361572 -8.613334814707438 -4.680003643035889 -1.9800009727478027 2.053330580393473 1.3033312161763508 -2.2800040245056152 -6.91333532333374 1.8199992179870605 3.644998073577881 
0.00  3.00   nan nan nan nan nan nan nan nan nan nan nan nan 
3.00  6.00   nan nan nan nan nan nan nan nan nan nan nan nan 
6.00  9.00   nan nan nan nan nan nan nan nan nan nan nan nan 
9.00  12.00   nan nan nan nan nan nan nan nan nan nan nan nan 
12.00  15.00   nan nan nan nan nan nan nan nan nan nan nan nan 
15.00  18.00   nan nan -3.460000514984131 nan -4.460000514984131 nan nan nan nan nan nan nan 
18.00  21.00   -3.7599997520446777 -3.8599982261657715 -2.160001277923584 -5.56000280380249 nan 1.4400010108947754 nan nan 8.240001678466797 nan 5.339998722076416 nan 
21.00  24.00   nan nan nan -4.509997844696045 nan nan nan nan nan nan 1.9900002479553223 -4.059998989105225 
24.00  27.00   0.1900029182434082 nan -2.660001277923584 -9.46000051498413 -3.3599982261657715 2.539999485015869 nan nan 4.340002536773682 nan -0.5600028038024902 -2.2599997520446777 
27.00  30.00   2.539999485015869 0.8900017738342285 -1.509997844696045 nan -3.2933338483174643 5.140000502268474 3.9400010108947754 5.740000247955322 nan 1.8899998664855957 2.339998722076416 -1.9099974632263184 
30.00  33.00   4.039999485015869 -0.10999822616577148 -5.526666164398193 -7.559998989105225 -0.5600028038024902 nan 4.940001010894775 nan 3.3899998664855957 -1.6099982261657715 -0.5099959373474121 -1.2599997520446777 
33.00  36.00   1.2649989128112793 -1.259997844696045 -8.093333085378012 -7.459998607635498 -3.759997844696045 4.5733323097229 3.839998722076416 6.240000247955322 2.840000629425049 2.339998722076416 -1.3600001335144043 nan 
36.00  39.00   0.9900021553039551 -0.6599993705749512 nan -8.159999370574951 -3.2599987983703613 1.406666914621989 nan 5.80666716893514 2.0400032997131348 4.639997959136963 -3.410001277923584 -3.209998607635498 
39.00  42.00   1.1399998664855957 -3.709998607635498 -6.360000133514404 -9.159999370574951 -1.6933315594991047 2.6400017738342285 4.4733351071675616 4.339998722076416 0.48999834060668945 -2.059995174407959 -0.7599997520446777 -3.3100008964538574 
42.00  45.00   -0.7599997520446777 -3.826669216156006 -6.709998607635498 -7.809998989105225 nan 2.9733325640360513 6.240000247955322 2.6399998664855957 1.1399998664855957 -0.7933313051859537 -3.509997844696045 -0.9599992434183756 
45.00  48.00   2.339998722076416 -4.2266669273376465 -7.95999797185262 -7.409999370574951 -2.109999179840088 1.9399997393290203 4.5400004386901855 4.440001010894775 -1.9600005149841309 0.339998722076416 -1.6099982261657715 -2.9599992434183755 
48.00  51.00   0.480001163482666 -4.160001277923584 -7.759999752044678 nan 2.339998722076416 3.906666914621989 0.9400010108947754 nan 0.17333332697550455 -2.19333283106486 -3.4933320681254068 -0.7600016593933105 
51.00  54.00   -1.0599989891052246 -2.7600016593933105 -7.259999752044678 -9.259999752044678 0.5400007565816244 3.43999973932902 1.8400006294250488 3.260000705718994 -0.9933333396911621 -0.38499975204467773 -2.8849987983703613 -4.210001468658447 
54.00  57.00   -0.20999860763549805 -3.959998607635498 -9.893332322438559 -6.059998989105225 0.5900006294250488 3.9900002479553223 4.940001010894775 2.1400017738342285 1.0399994850158691 -2.1599984169006348 -3.993333339691162 -0.9600005149841309 
57.00  60.00   0.8066684405008951 -5.826666673024495 -7.259999752044678 -3.8600001335144043 1.9400010108947754 5.190001010894775 3.9399991035461426 3.1399998664855957 nan -3.359996954600016 -4.059998989105225 -3.1599974632263184 
60.00  63.00   2.540001392364502 -4.5849995613098145 -9.72666565577189 -5.926665147145589 1.9733351071675618 2.9399991035461426 2.8066658973693848 1.773335615793864 -0.7599997520446777 -5.359999752044677 -4.7349982261657715 -2.3599982261657715 
63.00  66.00   1.3650002479553223 -4.059997081756592 -10.459996700286865 -3.7933313051859536 -0.16000127792358398 4.039999485015869 0.1399998664855957 1.906666914621989 -1.0266674359639485 -7.660001277923584 -4.610002040863037 -1.0199995994567872 
66.00  69.00   0.006666660308837891 -2.5599989891052246 -9.459998989105225 -2.9999991416931153 1.7399996121724446 3.1000008583068848 -0.25999879837036133 0.9149994850158691 -1.6600000063578289 -6.259999752044678 -6.109999179840088 -3.0266661643981934 
