0.00  3.00   nan nan nan nan nan nan nan nan nan nan nan nan 
3.00  6.00   nan nan nan nan nan nan nan nan nan nan nan nan 
6.00  9.00   nan nan nan nan nan nan nan nan nan nan nan nan 
9.00  12.00   nan nan nan nan nan nan nan nan nan nan nan nan 
12.00  15.00   nan nan nan nan nan nan nan nan nan nan nan nan 
15.00  18.00   nan nan nan nan nan nan nan nan nan nan nan nan 
18.00  21.00   nan nan nan nan nan nan nan nan nan nan nan nan 
21.00  24.00   nan nan nan nan nan -9.759998321533203 -10.560001373291016 nan nan nan nan nan 
24.00  27.00   -11.760002136230469 nan nan nan -7.859996795654297 nan -11.760002136230469 nan -9.360000610351563 -8.860002517700195 nan -8.809999465942383 
27.00  30.00   -8.759998321533203 -8.460002899169922 -8.959999084472656 -9.760000228881836 -10.260002136230469 -8.959999084472656 -8.326666514078775 -7.3600006103515625 -8.710000991821289 -11.259998321533203 nan -12.760002136230469 
30.00  33.00   -7.335000038146973 -11.510000228881836 -3.660003662109375 -7.385000228881836 -9.359999847412109 -9.69333267211914 -8.809998512268066 -8.226665496826172 -8.060001373291016 -6.459999084472656 -9.259999593098959 -7.593332926432292 
33.00  36.00   -8.47666867574056 -6.8600006103515625 -8.220000457763671 -9.760001182556152 -7.993334452311198 -7.226666768391927 -7.460000991821289 -8.831429072788783 -8.109996795654297 -9.293333689371744 -9.959999084472656 -8.679999542236327 
36.00  39.00   -8.859999847412109 -8.959999720255533 -7.593335469563802 -6.235001564025879 -8.140001678466797 -9.559999465942383 -10.434999465942383 -8.510000228881836 -8.280000305175781 -7.243333180745442 -6.560001373291016 -7.143333435058594 
39.00  42.00   -9.839999389648437 -7.960002899169922 -7.3600013732910154 -9.500000762939454 -8.860000610351563 -7.926666259765625 -8.779999542236329 -7.3933359781901045 -6.380001068115234 -9.059999465942383 -8.1850004196167 -6.840000915527344 
42.00  45.00   -9.259999084472657 -7.67666753133138 -8.993333180745443 -7.459999847412109 -7.8 -5.960000991821289 -7.180000305175781 -8.95999984741211 -7.976666768391927 -10.519999694824218 -8.759999084472657 -7.319999694824219 
45.00  48.00   -7.909999847412109 -8.702857426234655 -6.893332799275716 -7.517142159598214 -7.860002136230468 -7.231427873883929 -6.593331654866536 -7.826666514078776 -5.6100006103515625 -9.600000762939453 -7.2 -8.260000864664713 
48.00  51.00   -7.920000457763672 -8.160001118977865 -8.059999465942383 -7.810000101725261 -8.800000762939453 -7.647500991821289 -8.409999211629232 -8.626668294270834 -9.143333435058594 -10.84000015258789 -7.659998757498605 -7.434999465942383 
51.00  54.00   -7.209999720255534 -8.459999720255533 -9.697500228881836 -9.393332799275717 -7.017142704554966 -8.731429508754186 -7.617143903459821 -9.5 -9.222501277923584 -8.572500705718994 -5.760000864664714 -8.826665878295898 
54.00  57.00   -7.247499942779541 -8.685001373291016 -8.202855791364398 -8.893332799275717 -7.6933339436848955 -7.42666753133138 -6.8600006103515625 -7.345714569091797 -8.1850004196167 -9.226666768391928 -8.669090617786754 -7.959999084472656 
57.00  60.00   -8.459999720255533 -9.476668039957682 -8.820001220703125 -8.960001309712728 -8.94000015258789 -8.347501277923584 -7.510002136230469 -8.83142798287528 -7.776666641235352 -8.026666641235352 -6.876667022705078 -9.459999720255533 
60.00  63.00   -5.931429726736886 -7.410001118977864 -9.16000027126736 -8.293331782023111 -7.397500991821289 -8.309999942779541 -7.787272713401101 -8.27111095852322 -8.03499984741211 -7.576667785644531 -9.3725004196167 -7.343332926432292 
63.00  66.00   -7.647500514984131 -8.017142704554967 -7.439998626708984 -8.626667658487955 -7.9711121453179254 -8.660000392368861 -8.080000305175782 -8.535000801086426 -8.297499656677246 -7.088571275983538 -7.160000610351562 -8.78857149396624 
66.00  69.00   -8.322500705718994 -8.97111044989692 -8.922500610351563 -7.610000228881836 -7.547501087188721 -8.910000228881836 -8.302857535226005 -7.831428527832031 -7.435001373291016 -7.602856772286551 -9.310000896453857 -8.910000483194986 
0.00  3.00   nan nan nan nan nan nan nan nan nan nan nan nan 
3.00  6.00   nan nan nan nan nan nan nan nan nan nan nan nan 
6.00  9.00   nan nan nan nan nan nan nan nan nan nan nan nan 
9.00  12.00   nan nan nan nan nan nan nan nan nan nan nan nan 
12.00  15.00   nan nan nan nan nan nan nan nan nan nan nan nan 
15.00  18.00   nan nan nan nan nan -1.489999771118164 -5.339996337890625 -5.690000534057617 1.1599998474121094 nan 1.9600028991699219 nan 
18.00  21.00   -3.1800003051757813 -3.5400009155273438 -5.739997863769531 -3.140000661214193 -5.940000534057617 -4.4733327229817705 -6.8066660563151045 -0.04000091552734375 nan 3.160003662109375 -0.28999900817871094 5.260002136230469 
21.00  24.00   -1.2649993896484375 -4.840000152587891 -3.6733309427897134 -5.590000152587891 -9.639999389648438 -4.240001678466797 -4.9399973551432295 -2.019999694824219 0.8100013732910156 2.2600021362304688 2.060002326965332 -4.739997863769531 
24.00  27.00   0.8600006103515625 0.8600025177001953 -3.8399988810221353 -3.0149974822998047 -6.339998881022136 -4.323330561319987 -4.106666564941406 -3.506666819254557 1.8266677856445313 5.260002136230469 0.8600025177001953 -0.5066668192545573 
27.00  30.00   -2.164999008178711 -1.6233336130777996 -5.559999084472656 -4.564999580383301 -5.359999084472657 -5.439998626708984 -4.740000406901042 -2.339999198913574 1.9200004577636718 2.160000801086426 0.5399993896484375 -1.7400004069010417 
30.00  33.00   -1.539999008178711 -4.819999694824219 -3.339998245239258 -6.164999961853027 -7.764998435974121 -4.57333246866862 -4.539999008178711 -6.239998817443848 -1.573333740234375 1.3800010681152344 -3.8900012969970703 -1.7733306884765625 
33.00  36.00   -1.7899996439615886 -2.7399978637695313 -5.079999542236328 -8.039997863769532 -10.479999542236328 -5.3650007247924805 -9.789999008178711 -4.489999771118164 -0.11142785208565849 -0.1 -1.4066658020019531 -2.2099987030029298 
36.00  39.00   -1.664999008178711 -4.168570382254464 -6.595553504096137 -8.239999771118164 -8.439999262491861 -7.979997253417968 -5.739998817443848 -4.690000534057617 -3.4199989318847654 -2.554285321916853 0.6350002288818359 -0.8257135663713727 
39.00  42.00   -1.8114280700683594 -0.1400003433227539 -7.506666819254558 -7.339998245239258 -7.989999771118164 -4.219998168945312 -5.1399986267089846 -6.454285212925503 -2.3899993896484375 -0.9399986267089844 -1.1399993896484375 -2.339998245239258 
42.00  45.00   -3.3733312818739147 -3.8899989128112793 -6.956664403279622 -9.42749834060669 -8.019999694824218 -5.999999237060547 -7.084443834092882 -9.039999008178711 -4.468569619315011 -2.7542855398995534 -2.6999988555908203 -2.3899993896484375 
45.00  48.00   -5.059999084472656 -5.989997863769531 -8.84000015258789 -7.673332850138347 -7.923331578572591 -6.239998626708984 -6.989999771118164 -8.211426871163505 -5.839998881022136 -4.452498435974121 -2.4733314514160156 -2.979998779296875 
48.00  51.00   -2.2649993896484375 -0.23999786376953125 -9.50666618347168 -11.082855224609375 -6.954283578055246 -4.239999135335286 -5.925712585449219 -8.582855769566127 -5.789999008178711 -5.256664911905925 -4.602499485015869 -2.823331832885742 
51.00  54.00   -2.589998722076416 -5.5274977684021 -9.256664911905924 -10.297140393938337 -10.719998931884765 -4.489999135335286 -7.929998779296875 -11.028887006971571 -8.677498817443848 -3.8400001525878906 -5.251110076904297 -4.54999885559082 
54.00  57.00   -1.1899986267089844 -3.899999237060547 -9.928887261284721 -12.706666310628256 -8.506665547688803 -3.189997673034668 -7.039998372395833 -10.611428397042411 -6.309997940063477 -6.039999643961589 -4.239997863769531 -3.7476915212777944 
57.00  60.00   -3.6149983406066895 -5.002498626708984 -7.739998626708984 -10.0649995803833 -8.589999516805014 -2.7774996757507324 -7.6024980545043945 -10.460000610351562 -6.459999084472656 -5.568570273263114 -5.982856750488281 -4.702497959136963 
60.00  63.00   -3.839998245239258 -4.219998168945312 -9.206665886773003 -10.089999516805014 -10.062221103244358 -3.765000343322754 -6.906666437784831 -10.398332595825195 -7.077498912811279 -6.628888871934679 -4.814998149871826 -5.479999923706055 
63.00  66.00   -3.589999198913574 -3.3707689138559194 -9.12571280343192 -10.106666564941406 -9.227498054504395 -3.9177763197157116 -7.195552825927734 -10.489998626708985 -5.769999313354492 -6.7685699462890625 -4.952498435974121 -5.077498912811279 
66.00  69.00   -2.5199981689453126 -4.556664784749349 -8.35999870300293 -9.849998474121094 -9.777499198913574 -3.9316654205322266 -7.227499485015869 -9.88000030517578 -6.173332850138347 -5.655382889967698 -6.167271700772372 -7.377498149871826 
0.00  3.00   nan nan nan nan nan nan nan nan nan nan nan nan 
3.00  6.00   nan nan nan nan nan nan nan nan nan nan nan nan 
6.00  9.00   nan nan nan nan nan nan nan nan nan nan nan nan 
9.00  12.00   nan nan nan nan nan nan nan nan nan nan nan nan 
12.00  15.00   nan nan nan nan -12.859999179840088 nan -1.5599980354309082 -6.2599968910217285 nan nan -0.2599968910217285 nan 
15.00  18.00   -2.059999942779541 nan -5.809998035430908 -11.760000705718994 -8.499998569488525 0.34000158309936523 -4.860001087188721 -0.20999956130981445 nan nan -2.859999179840088 3.239999294281006 
18.00  21.00   -4.526664574940999 -0.45999765396118164 -5.559999942779541 -8.319999027252198 -8.959995746612549 -4.809999942779541 -7.7599968910217285 -1.709998607635498 -2.4600014686584473 nan -1.0599973996480305 -4.909998416900635 
21.00  24.00   -1.7600007057189941 -5.659996509552002 -7.809998035430908 -7.159998416900635 -9.009996891021729 -4.593334039052327 -1.759999434153239 -3.439998722076416 2.2400031089782715 -2.309999942779541 0.29000043869018555 -4.784998416900635 
24.00  27.00   -2.6599984169006348 -5.999998569488525 -9.884998798370361 -8.259996891021729 -5.2933322588602705 -3.9100022315979004 -5.426666100819905 -2.434999942779541 -0.3099989891052246 -2.2099995613098145 -1.1100001335144043 -5.2099995613098145 
27.00  30.00   -4.6266655921936035 -4.059998416900635 -9.52666711807251 -10.534998416900635 -4.559999179840088 -2.8266663551330566 -6.2933322588602705 -6.059998035430908 -3.6599984169006348 -2.9849982261657715 -3.609999179840088 -2.5599961280822754 
30.00  33.00   -2.9099984169006348 -7.309999942779541 -10.234999179840088 -9.484998226165771 -7.134999752044678 -6.909996509552002 -5.059999942779541 -4.884997844696045 -2.7711103757222495 -3.988569736480713 -1.2349982261657715 -4.7742840221949985 
33.00  36.00   -2.2599987983703613 -7.019999027252197 -10.559996128082275 -9.899999332427978 -8.859999179840088 -4.809999942779541 -7.209997653961182 -6.534999370574951 -5.009998798370361 -2.3599963188171387 -1.926665465037028 -5.639997959136963 
36.00  39.00   -1.5999970436096191 -1.2850003242492676 -10.160000324249268 -9.699998569488525 -7.999997806549072 -5.4742842401777 -6.809998989105225 -7.619998264312744 -6.209997653961182 -4.145711285727365 0.5899996757507324 -4.519999027252197 
39.00  42.00   -4.179998111724854 -5.9799988746643065 -8.726664702097574 -8.443331877390543 -7.459999288831439 -5.999998569488525 -4.65999968846639 -8.534999370574951 -6.776663939158122 -3.8433308601379395 -1.4599976539611816 -3.0266658465067544 
42.00  45.00   -6.222497940063477 -7.19333208931817 -8.609999179840088 -9.043332894643148 -11.509996891021729 -5.379998111724854 -4.98856919152396 -7.859997272491455 -7.688569954463413 -4.35999854405721 -0.13499975204467773 -6.309998989105225 
45.00  48.00   -6.602854796818325 -6.459998607635498 -9.219999027252197 -10.593330224355062 -7.459997018178304 -6.359999179840088 -6.6266655921936035 -8.379998874664306 -5.093332767486572 -6.809998989105225 -4.622499942779541 -6.148888323042128 
48.00  51.00   -8.274284022195 -7.2799973487854 -11.493331750233969 -7.793331835005018 -6.7099982897440595 -6.548886881934272 -5.847498893737793 -7.737776703304714 -9.026664574941 -4.059998035430908 -6.726665337880452 -7.4499993324279785 
51.00  54.00   -10.476664702097574 -8.176665465037027 -9.684998035430908 -10.459997653961182 -6.15999732698713 -6.097498893737793 -5.704443454742432 -6.660000051770892 -7.222499370574951 -5.299998569488525 -3.0433297157287598 -7.326665083567302 
54.00  57.00   -9.888569627489362 -6.259998798370361 -9.579998874664307 -8.348887814415825 -5.702854360852923 -5.72666597366333 -7.279997730255127 -7.126666227976481 -9.772500038146973 -4.319998264312744 -4.6822207238939075 -6.993331750233968 
57.00  60.00   -9.84333086013794 -7.382221062978108 -9.617141927991595 -5.659999052683513 -4.588570935385568 -6.48856919152396 -7.9224982261657715 -7.819997882843017 -10.959998607635498 -5.749999332427978 -3.717142036982945 -8.184999942779541 
60.00  63.00   -8.434999624888102 -6.697498321533203 -10.259998162587484 -7.709998035430909 -5.119998264312744 -6.379998874664307 -8.39749813079834 -7.702857085636684 -9.697497844696045 -4.443331877390544 -5.47666597366333 -8.296362400054932 
63.00  66.00   -9.099999332427979 -4.459998501671685 -7.2314275332859586 -7.604442437489827 -1.6849989891052246 -4.937776618533665 -9.134999752044678 -7.282220045725505 -11.348886542850071 -8.893331156836616 -3.090767530294565 -9.509998321533203 
66.00  69.00   -9.290767706357515 -5.769999027252197 -8.96769013771644 -10.14333200454712 -3.6266651683383517 -6.517140184129987 -8.92666482925415 -8.899998950958253 -11.071109188927544 -7.622498989105225 -3.7599987983703613 -6.8742852210998535 
0.00  3.00   nan nan nan nan nan nan nan nan nan nan nan nan 
3.00  6.00   nan nan nan nan nan nan nan nan nan nan nan nan 
6.00  9.00   nan nan nan nan nan nan nan nan nan nan nan nan 
9.00  12.00   nan nan nan nan nan nan nan nan nan nan nan nan 
12.00  15.00   nan nan nan -4.330000877380371 nan -6.380000114440918 nan nan nan nan nan nan 
15.00  18.00   -2.7199987411499023 -4.580000877380371 -0.38000011444091797 -5.479998588562012 -6.279997825622559 -2.380000114440918 -8.780001640319824 -5.1800031661987305 -5.679999351501465 -4.880000114440918 nan nan 
18.00  21.00   -4.829998970031738 -4.046666781107585 -3.4300012588500977 -5.213334719340007 -6.679995536804199 -5.380000114440918 -5.646666526794434 -3.18000062306722 -2.880002021789551 -1.5466667811075847 -2.630000114440918 nan 
21.00  24.00   -4.4466657638549805 -4.479998588562012 -6.380000114440918 -7.529998779296875 -6.805000305175781 -5.746666272481282 -6.579999923706055 -4.4800004959106445 -3.2049989700317383 -6.179997444152832 -3.446664492289225 -6.746667544047038 
24.00  27.00   -1.0466680526733398 -3.5799996058146157 -2.5133339564005532 -5.679999351501465 -6.054998397827148 -1.880000114440918 -4.413334210713704 -6.380000114440918 -5.780000686645508 -3.1800012588500977 -3.55999813079834 -2.9800024032592773 
27.00  30.00   -4.130000114440918 -5.630000114440918 -4.104999542236328 -9.979998588562012 -8.513331413269043 -5.9800004959106445 -6.639999961853027 -5.680000877380371 -1.380000114440918 -3.380000114440918 -4.079999605814616 -5.360000419616699 
30.00  33.00   -3.6549978256225586 -4.239999198913575 -7.379999351501465 -8.579998697553362 -8.580000877380371 -5.7799985885620115 -6.940000724792481 -5.329999923706055 -6.113332430521647 -5.429999351501465 -7.579999605814616 -3.5966660181681314 
33.00  36.00   -3.179999351501465 -4.846666018168132 -5.380000114440918 -10.237142426627022 -5.555000305175781 -6.613332430521647 -5.929999351501465 -4.699999046325684 -3.18000062306722 -6.208571978977749 -5.830000877380371 -1.913331667582194 
36.00  39.00   -4.313332557678223 -6.280000368754069 -8.579999787466866 -11.180000305175781 -8.939998435974122 -6.063332557678223 -7.580000877380371 -6.513333956400554 -7.829999605814616 -7.7200010299682615 -7.394285610743931 -4.9999998092651365 
39.00  42.00   -5.119997978210449 -7.560000419616699 -7.979998588562012 -10.99666690826416 -6.851427486964634 -6.351428031921387 -8.679999351501465 -7.62999947865804 -7.168889257642958 -3.880000114440918 -7.130000114440918 -6.239999198913575 
42.00  45.00   -8.867500305175781 -4.619999504089355 -8.092499732971191 -12.054999351501465 -7.9600004196167 -6.713332811991374 -8.880000114440918 -6.260000419616699 -7.854997634887695 -8.430000305175781 -9.400001335144044 -8.151428358895439 
45.00  48.00   -7.380000114440918 -8.26333204905192 -5.463332811991374 -9.229999542236328 -7.7300004959106445 -8.551426615033831 -10.092499732971191 -7.2599996566772464 -6.151426724025181 -9.392499923706055 -7.379998207092285 -8.367499351501465 
48.00  51.00   -7.829999605814616 -5.808571543012347 -8.539998435974121 -11.546666145324707 -7.979999860127767 -9.155000686645508 -8.963332176208496 -7.102221488952637 -5.913332939147949 -9.704998970031738 -10.357776959737143 -7.663332939147949 
51.00  54.00   -7.694285937717983 -7.61333433787028 -8.968888070848253 -11.229999860127768 -10.424443456861708 -8.229999224344889 -8.779999732971191 -6.84000072479248 -6.146665891011556 -6.729999860127767 -8.47999906539917 -9.779999732971191 
54.00  57.00   -6.7577780617607965 -7.5799994468688965 -9.763332684834799 -11.965713637215751 -10.692500114440918 -7.029998779296875 -9.929999351501465 -7.994285719735282 -6.043636408719149 -6.457776705423991 -9.029998779296875 -10.917498588562012 
57.00  60.00   -9.696665128072103 -9.989090052517978 -7.817498207092285 -11.779999256134033 -9.80856990814209 -8.204999923706055 -10.467499256134033 -7.554998397827148 -7.929998397827148 -5.220000267028809 -9.419999504089356 -12.739999580383301 
60.00  63.00   -7.229999542236328 -6.359999656677246 -10.14000072479248 -10.768888155619303 -9.137142317635673 -7.468888918558757 -8.759998893737793 -9.939999961853028 -8.343636339361018 -6.479999628933993 -8.94666576385498 -12.917500019073486 
63.00  66.00   -8.065713201250349 -9.124444643656412 -8.534544597972523 -9.980000283983019 -10.608571325029645 -8.869999122619628 -10.635556009080675 -9.267500400543213 -7.496665636698405 -8.05142879486084 -9.698181239041416 -11.679998806544713 
66.00  69.00   -9.517499446868896 -7.661819197914817 -8.543634674765848 -8.898180614818227 -12.13555516137017 -7.29999942779541 -10.229998111724854 -10.890000343322754 -7.479999860127767 -7.994285719735282 -8.904998302459717 -12.057777298821343 
0.00  3.00   nan nan nan nan nan nan nan nan nan nan nan nan 
3.00  6.00   nan nan nan nan nan nan nan nan nan nan nan nan 
6.00  9.00   nan nan nan nan nan nan nan nan nan nan nan nan 
9.00  12.00   nan nan nan nan nan nan nan nan nan nan nan nan 
12.00  15.00   nan nan nan nan nan -1.280001163482666 nan nan nan nan nan nan 
15.00  18.00   -4.600001621246338 -1.080000400543213 nan -0.08000421524047852 nan -0.6800007820129395 nan 3.719998836517334 -3.080000400543213 nan -4.030003070831299 nan 
18.00  21.00   -5.78000020980835 -6.780001163482666 -0.17999887466430664 -3.080000400543213 nan -1.7300019264221191 nan -0.37999963760375977 -3.1800007820129395 -1.6299996376037598 3.060000514984131 -1.2000016212463378 
21.00  24.00   -3.780001163482666 -2.6799988746643066 -3.8133352597554526 -5.279999891916911 nan -0.280001163482666 -3.580000400543213 4.419999599456787 -1.7300000190734863 -2.713334242502848 -0.2133342425028483 -3.4799981117248535 
24.00  27.00   -2.6800026893615723 -6.029999256134033 -3.6799988746643066 nan -6.746668338775635 -4.37999963760376 1.5200018882751465 -4.913335005442302 -1.3200005531311034 -3.7800002098083496 -2.1050000190734863 5.59499979019165 
27.00  30.00   -5.0133334795633955 -4.27999963760376 -4.87999963760376 -3.6199997901916503 -4.355000972747803 -4.313336531321208 -6.14666732152303 -3.1399994850158692 -2.8800015449523926 -2.9800009727478027 -2.7966675758361816 -2.952728574926203 
30.00  33.00   -4.046667575836182 -3.6800007820129395 -5.6600007057189945 -5.594286986759731 -7.6800007820129395 -4.213332970937093 -4.780001163482666 -5.560000705718994 -3.60857139314924 -5.630001544952393 -1.5133347511291504 -3.530001163482666 
33.00  36.00   -6.9300007820129395 -3.837144238608224 -6.813335259755452 -6.120001316070557 -7.037145001547677 -8.37999963760376 -5.963333606719971 -3.760000705718994 -2.3400010108947753 -5.480001926422119 -6.380000591278076 -8.505000591278076 
36.00  39.00   -3.430001735687256 -3.0800013542175293 -3.9000008583068846 -6.980000400543213 -3.6300015449523926 -5.440001773834228 -7.455001354217529 -7.080000400543213 -7.220000553131103 -6.039999485015869 -6.940001010894775 -6.396666685740153 
39.00  42.00   -7.6085719381059915 -2.640000247955322 -5.817500591278076 -5.422857216426304 -7.494287422725132 -6.139999485015869 -8.780001163482666 -4.580001036326091 -5.279999891916911 -7.030003070831299 -8.059999179840087 -7.780000618525913 
42.00  45.00   -6.580001354217529 -5.780003070831299 -6.2000000953674315 -6.213333606719971 -7.155001163482666 -5.880002498626709 -6.005000591278076 -6.380001163482666 -6.963334878285726 -6.808572701045445 -7.940001010894775 -5.996668338775635 
45.00  48.00   -5.83555629518297 -5.5466682116190595 -7.380000273386638 -7.340001773834229 -7.494286332811628 -8.868889967600504 -6.130001544952393 -7.7133355140686035 -6.180001163482666 -5.100002384185791 -8.779999256134033 -7.613333225250244 
48.00  51.00   -6.513332843780518 -6.137143475668771 -6.163333098093669 -7.817501068115234 -6.6800004005432125 -6.105000019073486 -8.792500972747803 -5.902222792307536 -8.296666304270426 -7.6050004959106445 -9.73714358466012 -5.080000400543213 
51.00  54.00   -8.730000019073486 -5.163333733876546 -6.022857325417655 -4.213334242502849 -7.440001773834228 -8.757777584923637 -7.317500114440918 -4.3050007820129395 -6.768889798058404 -7.005000591278076 -9.619999027252197 -8.940001010894775 
54.00  57.00   -9.579999764760336 -5.890000247955323 -5.59111303753323 -6.040000247955322 -7.9911107487148705 -10.446667830149332 -9.639999485015869 -7.307272781025279 -8.163334369659424 -6.122857434409005 -8.422857216426305 -7.2633341153462725 
57.00  60.00   -9.910001850128173 -4.4577783478630915 -3.730001926422119 -5.4300007820129395 -7.340001010894776 -8.500001621246337 -7.260001468658447 -3.6133344968159995 -7.6899994850158695 -8.829999446868896 -7.0133341153462725 -7.029999256134033 
60.00  63.00   -9.31749963760376 -6.942501068115234 -6.357777754465739 -6.842500686645508 -8.551429407937187 -7.365715231214251 -6.887691827920767 -6.324444505903456 -7.810001468658447 -5.551429407937186 -7.794285569872175 -7.880000019073487 
63.00  66.00   -7.342500686645508 -6.316363898190585 -7.470000171661377 -7.1675004959106445 -6.380001163482666 -7.5072738907553935 -6.5133334795633955 -7.21636473048817 -6.21000108718872 -7.430001099904378 -6.46750020980835 -5.87999963760376 
66.00  69.00   -8.417499542236328 -3.508572374071394 -5.280001163482666 -7.620000553131104 -6.429999964577811 -7.080002307891846 -6.551428862980434 -9.008572919028145 -7.7633334795633955 -5.630000591278076 -6.810000705718994 -7.355000654856364 
0.00  3.00   nan nan nan nan nan nan nan nan nan nan nan nan 
3.00  6.00   nan nan nan nan nan nan nan nan nan nan nan nan 
6.00  9.00   nan nan nan nan nan nan nan nan nan nan nan nan 
9.00  12.00   nan nan nan nan nan nan nan nan nan nan nan nan 
12.00  15.00   nan nan nan nan nan nan -4.119998931884766 nan -9.420001983642578 nan nan nan 
15.00  18.00   -1.0200004577636719 -7.819999694824219 -1.1200008392333984 nan nan -3.153331756591797 -4.420000076293945 -0.020002365112304688 -3.5866661071777344 -6.570001602172852 -1.8533337910970051 nan 
18.00  21.00   -4.969997406005859 -2.470001220703125 -0.4200019836425781 0.0800005594889323 nan -5.220001220703125 -6.520000457763672 -3.020000457763672 -3.420001983642578 -4.119998931884766 nan -5.120000839233398 
21.00  24.00   -2.5866661071777344 -4.420001983642578 -4.420001983642578 0.9549999237060547 nan -0.8199996948242188 -6.269998550415039 0.48000144958496094 -6.520000457763672 -4.619998931884766 -7.62939453125e-7 -8.020000457763672 
24.00  27.00   -3.9449987411499023 -6.240000152587891 -1.919999122619629 -1.8699989318847656 -3.3700008392333984 -2.6199976603190103 -4.920001983642578 -5.553333282470703 -4.020000457763672 -7.186667124430339 -3.270000457763672 -4.520000457763672 
27.00  30.00   -4.899998474121094 -4.945000648498535 -4.244999885559082 -4.444999694824219 -3.495001792907715 -0.8866666158040365 -2.2866668701171875 -3.8533337910970054 -4.660000610351562 -4.448571341378348 -4.486667633056641 -8.020000457763672 
30.00  33.00   -5.85333251953125 -8.920001983642578 -5.620001475016276 -4.720001220703125 -5.220000267028809 -2.320000966389974 -3.1700000762939453 -7.369998931884766 -5.719997406005859 -6.944998741149902 -3.9950008392333984 -7.4533335367838545 
33.00  36.00   -7.080000305175782 -5.686666488647461 -4.159999847412109 -5.319999694824219 -5.299999237060547 -3.5533345540364585 -6.353335062662761 -7.020000457763672 -5.959999847412109 -6.3057147434779575 -4.560000610351563 -6.640000915527343 
36.00  39.00   -5.286665598551433 -5.470001220703125 -6.280000305175781 -3.979999542236328 -7.745000839233398 -3.3199996948242188 -6.670000076293945 -7.499998474121094 -6.453332265218099 -5.303332646687825 -4.970000267028809 -5.105713980538504 
39.00  42.00   -7.420000076293945 -4.036667505900065 -3.753332773844401 -5.239998626708984 -6.486666361490886 -2.169999122619629 -3.8800003051757814 -9.03666623433431 -8.2 -6.220000457763672 -5.862857273646763 -5.019999186197917 
42.00  45.00   -5.042223612467448 -6.095001220703125 -6.248572213309152 -5.240000915527344 -7.775555928548177 -4.862857273646763 -4.382500171661377 -9.479998779296874 -9.2 -8.153333028157553 -5.2771437508719305 -6.0 
45.00  48.00   -6.208889431423611 -6.719998359680176 -7.970000584920247 -5.740000915527344 -9.244999885559082 -5.599999237060547 -6.020000457763672 -6.3949995040893555 -8.636666615804037 -6.519999821980794 -6.369999885559082 -4.205714089529855 
48.00  51.00   -7.340000152587891 -8.553333282470703 -7.595000267028809 -8.53666623433431 -9.262856619698661 -4.3999992370605465 -6.636665980021159 -9.219999585832868 -7.120001316070557 -3.845001220703125 -5.020001220703125 -5.032500743865967 
51.00  54.00   -7.305712563650949 -6.882500648498535 -7.940000915527344 -8.770000457763672 -8.519999186197916 -4.507500171661377 -5.03666623433431 -8.911665916442871 -6.2866668701171875 -6.699999237060547 -6.105713980538504 -4.53111097547743 
54.00  57.00   -8.15333366394043 -7.134284973144531 -9.757500648498535 -8.244999885559082 -10.699999237060547 -5.520000457763672 -7.680001831054687 -9.270000457763672 -7.860000228881836 -7.84857177734375 -5.807499885559082 -5.095000267028809 
57.00  60.00   -6.607500076293945 -6.660000610351562 -7.694999694824219 -8.869999567667643 -11.570000330607096 -4.369998931884766 -7.660000610351562 -9.46444320678711 -8.286665598551432 -6.539999389648438 -4.9311108059353295 -5.76444329155816 
60.00  63.00   -7.594999313354492 -9.112307621882511 -8.150000381469727 -8.282501220703125 -9.020000457763672 -7.319999149867466 -7.3914288112095425 -9.503334045410156 -8.264444986979166 -8.492726412686435 -7.086667378743489 -5.419999258858817 
63.00  66.00   -9.644999027252197 -9.849999618530273 -7.579999542236328 -6.229999542236328 -10.986665725708008 -7.8088879055447045 -6.838180888782848 -10.120001220703125 -5.905714852469308 -7.586667378743489 -6.278333346048991 -5.242222679985894 
66.00  69.00   -8.060000610351562 -10.886666615804037 -9.889999389648438 -6.482501029968262 -10.890000152587891 -6.179999542236328 -8.577144077845983 -8.945000648498535 -10.079998779296876 -7.939999389648437 -6.01999907060103 -6.607501029968262 
0.00  3.00   nan nan nan nan nan nan nan nan nan nan nan nan 
3.00  6.00   nan nan nan nan nan nan nan nan nan nan nan nan 
6.00  9.00   nan nan nan nan nan nan nan nan nan nan nan nan 
9.00  12.00   nan nan nan nan nan nan nan nan nan nan nan nan 
12.00  15.00   nan nan nan nan nan nan nan nan nan nan nan nan 
15.00  18.00   -6.793333053588867 -11.460000991821289 0.7399959564208984 -8.960000991821289 nan -1.3100013732910156 nan 1.6399974822998047 nan nan -0.7600002288818359 -3.4599990844726563 
18.00  21.00   -9.110000610351563 -8.159997940063477 -5.126665115356445 -3.535000801086426 -9.760002136230469 -0.15999794006347656 -1.8600025177001953 nan 5.289999008178711 nan -4.360002517700195 nan 
21.00  24.00   -5.960000228881836 -6.660001754760742 -4.260000228881836 -6.660001754760742 -8.085000038146973 -1.6933333079020183 -0.8266696929931641 0.3399982452392578 -0.7849998474121094 -0.6600017547607422 -1.0100021362304688 -5.460000991821289 
24.00  27.00   -5.160001754760742 -6.635001182556152 -7.893334070841472 -7.185000419616699 -6.410000801086426 -5.6100006103515625 -3.510000228881836 -3.1100006103515625 -0.18500232696533203 -3.059999465942383 -3.960000991821289 -3.8600006103515625 
27.00  30.00   -1.5600013732910156 -5.635001182556152 -9.493335088094076 -9.36000099182129 -6.426665623982747 -5.3799999237060545 -2.5400005340576173 -2.059999465942383 0.28999900817871094 -1.1599998474121094 -5.093333562215169 -2.9600022633870444 
30.00  33.00   -5.859999338785808 -9.24000129699707 -8.95999844868978 -7.202858243669782 -10.760002136230469 -3.8933353424072266 -0.15999984741210938 -2.560000737508138 -1.2600013187953405 -1.360000228881836 -2.6766668955485025 -6.10999870300293 
33.00  36.00   -5.160000801086426 -10.793334325154623 -10.300001907348634 -10.526666641235352 -11.14571407863072 -7.240000534057617 -5.360000228881836 0.2149982452392578 -0.8099994659423828 -3.2933336893717446 -4.310000419616699 -7.5266679128011065 
36.00  39.00   -8.635000228881836 -9.279999160766602 -12.13999900817871 -9.485000610351563 -8.034998893737793 -7.760000228881836 -5.860001754760742 -3.1600009918212892 0.03999900817871094 -2.585000991821289 -1.960000446864537 -5.1200000762939455 
39.00  42.00   -7.160000801086426 -8.726667404174805 -13.202858243669782 -11.109999656677246 -10.260001318795341 -12.199999618530274 -6.543333689371745 -6.009999593098958 -3.448889626397027 -2.9975013732910156 -2.5600001017252603 -3.2799991607666015 
42.00  45.00   -9.022500991821289 -9.9200008392334 -12.579999923706055 -13.20000114440918 -11.810000737508139 -9.335000038146973 -8.493332544962565 -4.585000038146973 -5.679999923706054 -3.160000801086426 -5.076667785644531 -6.709999084472656 
45.00  48.00   -9.685001373291016 -12.899999618530273 -12.710000356038412 -13.910000801086426 -11.90999984741211 -12.110000610351563 -10.417142868041992 -5.709999720255534 -3.776667277018229 -3.047501564025879 -6.872499942779541 -7.674286161150251 
48.00  51.00   -8.060000010899135 -12.974286488124303 -11.560000991821289 -12.082222196790907 -13.635000228881836 -12.34333356221517 -9.959999720255533 -6.5457145145961215 -4.600000381469727 -2.915556377834744 -6.010001182556152 -4.293334325154622 
51.00  54.00   -8.104445351494682 -12.259999465942382 -10.679999923706054 -12.672500133514404 -12.302857807704381 -10.276666641235352 -8.526667277018229 -7.974287033081055 -4.172500133514404 -4.360002517700195 -4.793333689371745 -8.002858570643834 
54.00  57.00   -8.309999465942383 -12.735000133514404 -11.885000228881836 -12.29000015258789 -11.572499752044678 -11.160000119890485 -7.459999356951032 -9.017144066946846 -3.1314285823277066 -4.282223383585612 -4.671111424763997 -4.126667658487956 
57.00  60.00   -8.550000762939453 -12.843334197998047 -11.93777741326226 -13.302857807704381 -12.637778176201714 -11.472500324249268 -9.410000801086426 -8.945714950561523 -7.505454843694514 -4.476667404174805 -5.709999720255534 -4.823638049038974 
60.00  63.00   -9.047501564025879 -12.64888784620497 -11.493333180745443 -12.59000015258789 -12.776667912801107 -10.704445521036783 -7.369090860540217 -10.470000457763671 -6.871111339992947 -6.64889038933648 -4.9850006103515625 -1.1100012461344402 
63.00  66.00   -10.037777582804361 -13.297500610351563 -10.337778515285915 -11.44000015258789 -12.019999694824218 -9.280001449584962 -7.288571766444615 -6.960000991821289 -7.574286052158901 -6.540000534057617 -6.730000305175781 -4.3183339436848955 
66.00  69.00   -10.723636453801936 -14.6850004196167 -8.593333138359917 -10.941817370328037 -12.559999465942383 -11.040000534057617 -5.268332799275716 -10.02250051498413 -7.722500801086426 -7.909999847412109 -9.898461415217472 -6.102858134678432 
0.00  3.00   nan nan nan nan nan nan nan nan nan nan nan nan 
3.00  6.00   nan nan nan nan nan nan nan nan nan nan nan nan 
6.00  9.00   nan nan nan nan nan nan nan nan nan nan nan nan 
9.00  12.00   nan nan nan nan nan nan nan nan nan nan nan nan 
12.00  15.00   nan nan -6.5399956703186035 -0.839998722076416 nan nan nan nan nan nan nan nan 
15.00  18.00   -6.939999103546143 -6.5399956703186035 -2.9900002479553223 -1.406666914621989 1.660001277923584 -3.0066653887430825 nan nan nan -2.1400017738342285 -0.4400010108947754 nan 
18.00  21.00   -1.6400017738342285 -5.040003299713135 -3.1400017738342285 -2.789999485015869 nan -1.639997959136963 nan nan 1.0599989891052246 -2.039999485015869 -2.3899998664855957 -6.339998722076416 
21.00  24.00   -6.139999230702718 -8.389999866485596 -5.589999675750732 -3.773334344228109 -7.740000247955322 -1.2733330726623535 nan -0.7400002479553223 -2.7733305295308432 -3.8899998664855957 -3.2066648801167807 -5.514999866485596 
24.00  27.00   -2.539999485015869 -5.315000057220459 -4.289999485015869 -4.864999294281006 -7.106667677561442 1.035001277923584 -2.139997959136963 -0.339998722076416 -1.8000000953674316 -2.1400017738342285 -5.090000629425049 -4.473332564036052 
27.00  30.00   -4.1650004386901855 -3.2200005531311033 -6.506666660308838 -7.206666151682536 -3.906666914621989 -2.4200005531311035 -1.1233340899149578 -1.6066664059956868 -1.5399994850158691 -1.290001392364502 -6.539999485015869 -5.4399994850158695 
30.00  33.00   -6.739998976389567 -3.940000057220459 -6.540001010894775 -6.068572112492153 -6.460000705718994 -3.3899992307027182 -1.940000057220459 -1.6971426691327776 -3.140000502268473 -5.964999675750732 -4.973333199818929 -7.865001201629639 
33.00  36.00   -7.439999920981271 -4.615000247955322 -3.859998416900635 -3.406666914621989 -5.802499771118164 -4.200000858306884 -3.415001392364502 -4.190001010894775 -6.340000629425049 -4.273331801096599 -7.039999485015869 -4.540000120798747 
36.00  39.00   -7.2733330726623535 -2.2649998664855957 -6.290001392364502 -6.059997653961181 -10.215000629425049 -5.523331801096599 -0.28999948501586914 -4.873332182566325 -4.620000553131104 -5.239999485015869 -5.1066664059956866 -8.240000247955322 
39.00  42.00   -5.9511123763190374 -1.4733325640360515 -4.119999790191651 -4.556665897369385 -6.6900003751118975 -6.480000400543213 -2.6685711315699985 -3.1400017738342285 -5.059999942779541 -6.323335488637288 -7.011428492409842 -6.682857172829764 
42.00  45.00   -7.640000502268474 -3.8233323097229004 -5.989999485015869 -6.7733330726623535 -7.780000400543213 -3.3149991035461426 -3.1999993324279785 -5.911428928375244 -6.573334217071533 -5.259999942779541 -8.115001201629639 -8.106667041778564 
45.00  48.00   -5.527500629425049 -1.7400013378688268 -6.625715732574463 -4.306666745079888 -7.128887441423204 -4.339999357859294 -5.325713225773403 -7.1066664059956866 -8.156665643056234 -4.889999866485596 -5.806665897369385 -8.356664498647055 
48.00  51.00   -6.070000553131104 -3.5566658973693848 -7.4400003751118975 -5.939998831067767 -9.315001010894775 -2.882856845855713 -6.456667423248291 -7.540000247955322 -8.206666151682535 -6.299997806549072 -5.273332436879476 -8.51142794745309 
51.00  54.00   -6.490001519521077 -2.5511095788743763 -7.140000078413221 -6.923333962758382 -7.289999866485596 -4.797142233167376 -5.8844446076287165 -7.839999267033169 -8.989999771118164 -5.840000629425049 -5.889998594919841 -9.419999408721925 
54.00  57.00   -8.97333256403605 -3.2199997901916504 -6.817776415083143 -7.456667423248291 -8.925712789808001 -6.940000163184272 -7.223332564036052 -8.025713988712855 -8.740000247955322 -5.558181372555819 -6.940000465938023 -10.81999979019165 
57.00  60.00   -7.182858807700021 -2.46857145854405 -6.839999267033169 -7.559999942779541 -6.7066665755377874 -7.006666660308838 -8.194544315338135 -7.423333326975505 -9.115000247955322 -5.762222131093343 -5.2828578267778665 -9.682857172829765 
60.00  63.00   -8.48999834060669 -3.977499485015869 -5.5733340051439075 -10.568570477621895 -8.828889475928413 -6.251110765669081 -6.9400003751118975 -10.05249834060669 -11.850000476837158 -5.48285858971732 -3.0649991035461426 -9.115000247955322 
63.00  66.00   -9.403636195442893 -3.815000057220459 -5.568571022578648 -8.465000629425049 -7.8274993896484375 -5.9524993896484375 -7.689999103546143 -10.739999824100071 -11.797141688210624 -4.95111068089803 -6.402500152587891 -9.71500015258789 
66.00  69.00   -8.085454377261074 -5.1900003751118975 -7.8685713495527 -9.339999675750732 -7.1900003751118975 -7.852499961853027 -6.830909338864413 -9.564998626708984 -10.280001163482666 -8.68999973932902 -5.58444537056817 -8.689998626708984 
0.00  3.00   nan nan nan nan nan nan nan nan nan nan nan nan 
3.00  6.00   nan nan nan nan nan nan nan nan nan nan nan nan 
6.00  9.00   nan nan nan nan nan nan nan nan nan nan nan nan 
9.00  12.00   nan nan nan nan nan nan nan nan nan nan nan nan 
12.00  15.00   nan nan nan nan -8.880002498626709 nan nan nan -5.28000020980835 nan nan nan 
15.00  18.00   0.8199982643127441 -4.380002498626709 -1.380002498626709 -5.28000020980835 0.9199967384338379 -4.380002498626709 nan nan -1.380002498626709 -3.080003261566162 -2.0466666221618652 -1.6800017356872559 
18.00  21.00   0.1399979591369629 -3.5799994468688965 -4.480000972747803 -5.755000591278076 -9.405002117156982 -2.805001735687256 nan 1.6533328692118328 -3.6800004641215005 -2.7800002098083496 -1.880002498626709 -8.846668402353922 
21.00  24.00   -4.080003261566162 0.21999597549438477 -2.2800040245056152 -5.929999828338623 -8.030002117156982 -2.155001163482666 nan -0.5300002098083496 -1.429999828338623 -6.080001990000407 -2.1799991925557456 -5.28000020980835 
24.00  27.00   -0.980002244313558 -5.53000020980835 -2.180001735687256 -7.080001990000407 -6.659998989105224 -1.0466666221618652 -0.0800013542175293 -1.1800017356872559 -6.030002117156982 -4.1466701825459795 -4.680000972747803 -5.846665859222412 
27.00  30.00   -3.160001277923584 -3.679999828338623 -8.346667130788168 -8.704999446868896 -8.60500192642212 -3.9300007820129395 0.11999877293904622 0.2799988746643066 -4.480000972747803 -6.355001926422119 -6.2049994468688965 -6.180001735687256 
30.00  33.00   -1.479997158050537 -2.530001163482666 -5.6200026512146 -7.480000972747803 -6.000000667572022 -2.3800012270609536 -2.396667003631592 -1.9085729462759835 -8.030001163482666 -8.480002244313559 -8.446668148040771 -4.0300014813741045 
33.00  36.00   -2.5400015830993654 -3.9466681480407715 -4.280002117156982 -8.646667639414469 -8.80500078201294 -3.9400015830993653 -2.5133325258890786 -2.0049996376037598 -6.330001354217529 -9.33000135421753 -6.751430307115827 -6.263335069020589 
36.00  39.00   -5.880000591278076 -3.35143096106393 -4.055001735687256 -8.522858551570348 -6.230001608530681 -3.6050009727478027 -3.3633341789245605 -3.780001299721854 -10.18000020980835 -10.794287885938372 -8.755001544952393 -3.2966678937276206 
39.00  42.00   -2.7800002098083496 -4.160000514984131 -6.194287231990269 -5.846669673919678 -9.430001735687256 -6.513335069020589 -2.789093754508279 -5.980002062661307 -11.480000972747803 -10.23000192642212 -9.340001583099365 -5.64666763941447 
42.00  45.00   -2.840002346038818 -4.830001735687256 -7.1133354504903155 -10.451428890228271 -8.780000845591227 -3.3925013542175293 -2.780002498626709 -8.105000019073486 -10.846669673919678 -13.713335196177164 -7.442501068115234 -4.720001125335694 
45.00  48.00   -2.7300028800964355 -4.880001862843831 -7.920001125335693 -11.28000020980835 -8.151429653167725 -1.2000014305114746 -2.1175012588500977 -5.929999828338623 -13.780002117156982 -11.24000005722046 -9.146668910980225 -4.624445332421197 
48.00  51.00   -4.180001099904378 -5.6942861420767645 -8.880000803205702 -9.139999294281006 -10.392500400543213 -5.202223618825276 -2.3890925754200327 -7.724444230397542 nan -12.291111575232613 -9.402223957909477 -5.346668402353923 
51.00  54.00   -3.5675010681152344 -7.330002625783284 -10.680001735687256 -9.83000135421753 -9.008571965353829 -3.4675021171569824 -2.013333797454834 -7.3228583335876465 -12.137145246778216 -12.980000336964926 -9.179999446868896 -6.1633327802022295 
54.00  57.00   -4.180000972747803 -5.651430198124477 -9.56182033365423 -9.837142739977155 -8.317500114440918 -5.98000042779105 -1.8657164573669434 -5.78000020980835 -11.751429762159075 -14.020001888275146 -9.70500135421753 -4.613332907358806 
57.00  60.00   -2.0675010681152344 -6.780001299721854 -10.980002117156982 -11.630000591278076 -8.946668148040771 -3.651430198124477 -2.33714382989066 -5.168889946407742 -13.191111405690512 -12.455001831054688 -6.217500686645508 -4.5300008455912275 
60.00  63.00   -3.180001735687256 -7.150001049041748 -10.157779004838732 -10.146667639414469 -10.013334645165337 -6.430002371470134 -2.2800002098083496 -3.6942877769470215 -12.880001544952393 -14.696667512257894 -6.494286469050816 -3.3550000190734863 
63.00  66.00   -3.855001449584961 -7.742500305175781 -9.365715912410192 -12.967501640319824 -6.522858006613595 -4.898183692585338 -1.2800015969709917 -3.680001735687256 -8.796668529510498 -12.394286905016218 -5.760001277923584 -1.7200018882751464 
66.00  69.00   -4.602222601572673 -9.842501640319824 -10.468891302744547 -10.430001735687256 -9.880001227060953 -6.324445671505398 -0.8514304161071777 -4.550001049041748 -13.140001583099366 -14.530002117156982 -5.692500591278076 -0.791112846798367 
0.00  3.00   nan nan nan nan nan nan nan nan nan nan nan nan 
3.00  6.00   nan nan nan nan nan nan nan nan nan nan nan nan 
6.00  9.00   nan nan nan nan nan nan nan nan nan nan nan nan 
9.00  12.00   nan nan nan nan nan nan nan nan nan nan nan nan 
12.00  15.00   nan nan nan nan -4.3599982261657715 nan nan nan nan nan nan nan 
15.00  18.00   -8.359998226165771 -10.659997463226318 -5.460000514984131 -9.46000051498413 -8.19333283106486 -3.460000514984131 nan 5.940001010894775 2.539999485015869 -2.7599997520446777 nan -7.210000514984131 
18.00  21.00   -8.634998798370361 -5.959998607635498 -8.859999179840088 -5.509999752044678 -8.826666673024496 -1.4099993705749512 nan 2.339998722076416 -0.8599982261657715 -0.6100001335144043 -3.793332576751709 -4.493333339691162 
21.00  24.00   -0.7599997520446777 -9.810000896453857 -7.509999752044678 -14.293332576751709 -8.28000020980835 -3.3600001335144043 5.039999485015869 nan 0.16500139236450195 -4.860000133514404 -2.726664384206136 -7.82666540145874 
24.00  27.00   -6.159998989105224 -6.159998734792073 -8.459998607635498 -13.626667181650797 -8.909997463226318 -1.0350003242492676 -0.40999937057495117 0.7400002479553223 -0.7849984169006348 -5.184998035430908 -4.12000036239624 -5.709998607635498 
27.00  30.00   -1.6599974632263184 -11.259999752044678 -11.259998480478922 -12.993332068125406 -8.259999752044678 1.0900006294250488 1.3733340899149578 2.089998722076416 -1.4600005149841309 -4.32666540145874 -3.759995937347412 -9.484999179840088 
30.00  33.00   -5.374285902295794 -5.1933315594991045 -11.239999294281006 -9.559998989105225 -9.859998226165771 -3.9850001335144043 -1.3350005149841309 0.6399998664855957 0.17333332697550455 -3.3199980735778807 -4.799998378753662 -7.293332576751709 
33.00  36.00   -1.8600001335144043 -9.599999904632568 -9.785000324249268 -12.297499179840088 -8.293333848317465 -4.3599982261657715 -0.5349984169006348 0.6400008201599121 -0.3742859022957938 -4.3599982261657715 -6.374284267425537 -7.093333721160889 
36.00  39.00   -4.093333085378011 -9.399998378753661 -13.72666565577189 -13.939998531341553 -8.959999752044677 -3.8849997520446777 -2.184999942779541 -2.093331813812256 -5.4599995613098145 -3.8599982261657715 -7.088571071624756 -6.639999294281006 
39.00  42.00   -4.459998226165771 -9.159999752044678 -11.67428459439959 -11.609999179840088 -10.076666673024496 -3.7849984169006348 -2.1933341026306152 -1.4799994468688964 -2.717142173222133 -4.759998480478923 -7.076664765675862 -6.884999752044678 
42.00  45.00   -2.534999370574951 -9.385000705718994 -11.179998683929444 -14.47666565577189 -8.259998480478922 -3.072500705718994 -2.9885709626334056 -0.747499942779541 -5.485000133514404 -5.137776427798801 -5.759997844696045 -7.848888132307264 
45.00  48.00   -5.000000667572022 -11.559998989105225 -12.18856954574585 -12.64333168665568 -7.459998607635498 -1.4474992752075195 -2.345712729862758 -3.799997615814209 -4.599997615814209 -7.984999179840088 -10.034999370574951 -9.480000209808349 
48.00  51.00   -5.488570417676653 -10.179999446868896 -12.288570199693952 -12.17249870300293 -2.284999370574951 -1.4028563499450684 -0.5599970817565918 -1.1742851393563407 -3.5224995613098145 -6.059999534061977 -8.326666673024496 -9.588570526668004 
51.00  54.00   -5.548888047536214 -9.417141301291329 -13.659999370574951 -12.17666514714559 -6.276666164398193 -1.3474998474121094 -1.109998607635498 -1.4171429361615862 -6.559998989105225 -9.420000362396241 -8.980000209808349 -7.859999960119074 
54.00  57.00   -2.531426361628941 -8.949999904632568 -12.259998904334175 -10.131427015577044 -4.734999656677246 -1.3314272335597448 -2.159999370574951 -2.193333466847738 -5.797499656677246 -8.31555445988973 -9.993332068125406 -8.39333168665568 
57.00  60.00   -3.096362764185125 -8.531426906585693 -13.902856349945068 -9.147499561309814 -5.537777529822455 0.2700005531311035 -2.4457144737243652 -3.2974987030029297 -4.731428214481899 -10.804443094465467 -7.884999752044678 -7.03142854145595 
60.00  63.00   -2.69333283106486 -9.009999752044678 -12.559998642314564 -7.993332068125407 -4.6488877932230634 -0.24749994277954102 -3.4099997520446776 -3.782221211327447 -5.5799986839294435 -10.188570090702601 -8.37666400273641 -6.800001049041748 
63.00  66.00   -3.118333021799723 -10.9314284324646 -13.876665592193604 -9.63499927520752 -3.9300002098083495 -1.3054539507085627 -3.9457128388541087 -3.1400004386901856 -5.876665910085042 -10.078181570226496 -12.259997572217669 -5.9474992752075195 
66.00  69.00   -3.969999599456787 -9.259998578291674 -13.379998683929443 -9.288570744650704 -2.8699992179870604 -1.615554968516032 -3.109999656677246 -3.8600006103515625 -5.082221719953749 -10.03499984741211 -10.469999217987061 -7.22999906539917 
